Schl,Subject,Group,N Scored,Pct. Advanced,Pct. Proficient,Pct. Basic,Pct. Below Basic,,,,,
000000003,Algebra I,All Students,141,23.4,44.0,24.8,7.8,,,,,
000000003,Algebra I,Historically Underperforming,58,12.1,32.8,39.7,15.5,,,,,
000000003,Biology,All Students,142,16.9,44.4,23.2,15.5,,,,,
000000003,Biology,Historically Underperforming,59,6.8,35.6,30.5,27.1,,,,,
000000003,Literature,All Students,142,12.0,68.3,16.2,3.5,,,,,
000000003,Literature,Historically Underperforming,59,3.4,59.3,28.8,8.5,,,,,
000000017,Algebra I,All Students,267,30.7,51.3,12.0,6.0,,,,,
000000017,Algebra I,Historically Underperforming,105,15.2,49.5,21.9,13.3,,,,,
000000017,Biology,All Students,270,35.6,40.0,17.4,7.0,,,,,
000000017,Biology,Historically Underperforming,106,22.6,32.1,31.1,14.2,,,,,
000000017,Literature,All Students,276,5.8,70.7,17.4,6.2,,,,,
000000017,Literature,Historically Underperforming,110,2.7,52.7,30.0,14.5,,,,,
000006269,Algebra I,All Students,77,18.2,44.2,27.3,10.4,,,,,
000006269,Algebra I,Historically Underperforming,18,0.0,27.8,27.8,44.4,,,,,
000006269,Biology,All Students,77,22.1,37.7,23.4,16.9,,,,,
000006269,Biology,Historically Underperforming,18,5.6,16.7,11.1,66.7,,,,,
000006269,Literature,All Students,77,7.8,66.2,11.7,14.3,,,,,
000006269,Literature,Historically Underperforming,18,5.6,22.2,22.2,50.0,,,,,
000006271,Algebra I,All Students,199,23.1,49.2,23.6,4.0,,,,,
000006271,Algebra I,Historically Underperforming,82,7.3,46.3,37.8,8.5,,,,,
000006271,Biology,All Students,198,33.3,40.4,18.7,7.6,,,,,
000006271,Biology,Historically Underperforming,83,16.9,41.0,27.7,14.5,,,,,
000006271,Literature,All Students,199,9.0,73.4,15.1,2.5,,,,,
000006271,Literature,Historically Underperforming,83,6.0,61.4,26.5,6.0,,,,,
000000014,Algebra I,All Students,167,30.5,56.9,11.4,1.2,,,,,
000000014,Algebra I,Historically Underperforming,58,20.7,51.7,24.1,3.4,,,,,
000000014,Biology,All Students,167,35.9,41.9,16.8,5.4,,,,,
000000014,Biology,Historically Underperforming,58,25.9,31.0,31.0,12.1,,,,,
000000014,Literature,All Students,165,18.2,73.3,8.5,0.0,,,,,
000000014,Literature,Historically Underperforming,57,12.3,64.9,22.8,0.0,,,,,
000000021,Algebra I,All Students,99,23.2,46.5,23.2,7.1,,,,,
000000021,Algebra I,Historically Underperforming,43,11.6,41.9,30.2,16.3,,,,,
000000021,Biology,All Students,99,51.5,28.3,14.1,6.1,,,,,
000000021,Biology,Historically Underperforming,43,39.5,23.3,23.3,14.0,,,,,
000000021,Literature,All Students,101,7.9,69.3,16.8,5.9,,,,,
000000021,Literature,Historically Underperforming,45,6.7,60.0,20.0,13.3,,,,,
000005273,Algebra I,All Students,10,,,,,,,,,
000005273,Algebra I,Historically Underperforming,7,,,,,,,,,
000005273,Biology,All Students,12,0.0,16.7,58.3,25.0,,,,,
000005273,Biology,Historically Underperforming,8,,,,,,,,,
000005273,Literature,All Students,10,,,,,,,,,
000005273,Literature,Historically Underperforming,7,,,,,,,,,
000007846,Algebra I,All Students,30,0.0,0.0,33.3,66.7,,,,,
000007846,Algebra I,Historically Underperforming,27,0.0,0.0,37.0,63.0,,,,,
000007846,Biology,All Students,30,0.0,0.0,3.3,96.7,,,,,
000007846,Biology,Historically Underperforming,27,0.0,0.0,3.7,96.3,,,,,
000007846,Literature,All Students,28,0.0,0.0,35.7,64.3,,,,,
000007846,Literature,Historically Underperforming,25,0.0,0.0,32.0,68.0,,,,,
000000029,Algebra I,All Students,72,15.3,56.9,23.6,4.2,,,,,
000000029,Algebra I,Historically Underperforming,26,3.8,53.8,30.8,11.5,,,,,
000000029,Biology,All Students,71,32.4,40.8,18.3,8.5,,,,,
000000029,Biology,Historically Underperforming,25,12.0,44.0,24.0,20.0,,,,,
000000029,Literature,All Students,70,11.4,68.6,15.7,4.3,,,,,
000000029,Literature,Historically Underperforming,24,12.5,54.2,25.0,8.3,,,,,
000005199,Algebra I,All Students,109,40.4,45.0,8.3,6.4,,,,,
000005199,Algebra I,Historically Underperforming,28,17.9,32.1,25.0,25.0,,,,,
000005199,Biology,All Students,116,45.7,41.4,9.5,3.4,,,,,
000005199,Biology,Historically Underperforming,28,14.3,32.1,39.3,14.3,,,,,
000005199,Literature,All Students,116,16.4,80.2,0.9,2.6,,,,,
000005199,Literature,Historically Underperforming,28,0.0,85.7,3.6,10.7,,,,,
000000050,Algebra I,All Students,314,13.7,69.4,13.7,3.2,,,,,
000000050,Algebra I,Historically Underperforming,119,5.9,63.9,22.7,7.6,,,,,
000000050,Biology,All Students,315,23.5,52.1,18.4,6.0,,,,,
000000050,Biology,Historically Underperforming,121,13.2,47.1,24.8,14.9,,,,,
000000050,Literature,All Students,313,8.0,77.6,11.5,2.9,,,,,
000000050,Literature,Historically Underperforming,120,3.3,70.8,19.2,6.7,,,,,
000000062,Algebra I,All Students,353,27.2,49.9,20.4,2.5,,,,,
000000062,Algebra I,Historically Underperforming,75,8.0,42.7,40.0,9.3,,,,,
000000062,Biology,All Students,351,31.3,44.7,16.2,7.7,,,,,
000000062,Biology,Historically Underperforming,73,16.4,32.9,24.7,26.0,,,,,
000000062,Literature,All Students,346,10.4,78.3,8.7,2.6,,,,,
000000062,Literature,Historically Underperforming,71,4.2,60.6,25.4,9.9,,,,,
000000070,Algebra I,All Students,84,2.4,66.7,23.8,7.1,,,,,
000000070,Algebra I,Historically Underperforming,39,2.6,48.7,35.9,12.8,,,,,
000000070,Biology,All Students,85,16.5,52.9,18.8,11.8,,,,,
000000070,Biology,Historically Underperforming,39,5.1,43.6,28.2,23.1,,,,,
000000070,Literature,All Students,85,3.5,74.1,18.8,3.5,,,,,
000000070,Literature,Historically Underperforming,39,2.6,61.5,28.2,7.7,,,,,
000000079,Algebra I,All Students,100,9.0,45.0,34.0,12.0,,,,,
000000079,Algebra I,Historically Underperforming,45,2.2,31.1,44.4,22.2,,,,,
000000079,Biology,All Students,101,29.7,42.6,21.8,5.9,,,,,
000000079,Biology,Historically Underperforming,45,17.8,44.4,26.7,11.1,,,,,
000000079,Literature,All Students,100,9.0,70.0,19.0,2.0,,,,,
000000079,Literature,Historically Underperforming,44,0.0,61.4,34.1,4.5,,,,,
000006706,Algebra I,All Students,265,20.0,59.6,17.0,3.4,,,,,
000006706,Algebra I,Historically Underperforming,77,14.3,42.9,33.8,9.1,,,,,
000006706,Biology,All Students,267,33.7,54.7,7.5,4.1,,,,,
000006706,Biology,Historically Underperforming,79,22.8,50.6,16.5,10.1,,,,,
000006706,Literature,All Students,269,12.3,69.9,14.1,3.7,,,,,
000006706,Literature,Historically Underperforming,81,2.5,63.0,25.9,8.6,,,,,
000007727,Algebra I,All Students,133,23.3,49.6,21.8,5.3,,,,,
000007727,Algebra I,Historically Underperforming,89,18.0,50.6,27.0,4.5,,,,,
000007727,Biology,All Students,132,26.5,49.2,15.2,9.1,,,,,
000007727,Biology,Historically Underperforming,88,21.6,50.0,18.2,10.2,,,,,
000007727,Literature,All Students,133,4.5,72.2,20.3,3.0,,,,,
000007727,Literature,Historically Underperforming,89,3.4,68.5,23.6,4.5,,,,,
000008094,Algebra I,All Students,39,5.1,51.3,41.0,2.6,,,,,
000008094,Algebra I,Historically Underperforming,29,0.0,41.4,55.2,3.4,,,,,
000008094,Biology,All Students,39,5.1,35.9,30.8,28.2,,,,,
000008094,Biology,Historically Underperforming,29,3.4,24.1,34.5,37.9,,,,,
000008094,Literature,All Students,38,2.6,63.2,21.1,13.2,,,,,
000008094,Literature,Historically Underperforming,28,3.6,50.0,28.6,17.9,,,,,
000008087,Algebra I,All Students,38,2.6,50.0,36.8,10.5,,,,,
000008087,Algebra I,Historically Underperforming,38,2.6,50.0,36.8,10.5,,,,,
000008087,Biology,All Students,38,5.3,47.4,36.8,10.5,,,,,
000008087,Biology,Historically Underperforming,38,5.3,47.4,36.8,10.5,,,,,
000008087,Literature,All Students,38,7.9,68.4,13.2,10.5,,,,,
000008087,Literature,Historically Underperforming,38,7.9,68.4,13.2,10.5,,,,,
000000513,Algebra I,All Students,139,14.4,39.6,41.7,4.3,,,,,
000000513,Algebra I,Historically Underperforming,41,2.4,31.7,53.7,12.2,,,,,
000000513,Biology,All Students,145,33.1,37.2,18.6,11.0,,,,,
000000513,Biology,Historically Underperforming,43,18.6,25.6,34.9,20.9,,,,,
000000513,Literature,All Students,146,7.5,79.5,11.0,2.1,,,,,
000000513,Literature,Historically Underperforming,43,2.3,67.4,23.3,7.0,,,,,
000008340,Algebra I,All Students,113,12.4,30.1,33.6,23.9,,,,,
000008340,Algebra I,Historically Underperforming,68,2.9,22.1,41.2,33.8,,,,,
000008340,Biology,All Students,112,17.0,36.6,16.1,30.4,,,,,
000008340,Biology,Historically Underperforming,68,7.4,32.4,19.1,41.2,,,,,
000008340,Literature,All Students,115,0.0,56.5,29.6,13.9,,,,,
000008340,Literature,Historically Underperforming,70,0.0,38.6,41.4,20.0,,,,,
000000144,Algebra I,All Students,166,15.7,58.4,23.5,2.4,,,,,
000000144,Algebra I,Historically Underperforming,63,11.1,46.0,36.5,6.3,,,,,
000000144,Biology,All Students,163,30.1,45.4,16.6,8.0,,,,,
000000144,Biology,Historically Underperforming,62,17.7,37.1,29.0,16.1,,,,,
000000144,Literature,All Students,159,14.5,65.4,14.5,5.7,,,,,
000000144,Literature,Historically Underperforming,58,8.6,51.7,27.6,12.1,,,,,
000005016,Algebra I,All Students,19,5.3,21.1,42.1,31.6,,,,,
000005016,Algebra I,Historically Underperforming,16,6.3,25.0,31.3,37.5,,,,,
000005016,Biology,All Students,18,5.6,16.7,33.3,44.4,,,,,
000005016,Biology,Historically Underperforming,15,6.7,13.3,33.3,46.7,,,,,
000005016,Literature,All Students,12,0.0,41.7,50.0,8.3,,,,,
000005016,Literature,Historically Underperforming,12,0.0,41.7,50.0,8.3,,,,,
000000156,Algebra I,All Students,319,36.4,56.7,6.0,0.9,,,,,
000000156,Algebra I,Historically Underperforming,62,21.0,61.3,12.9,4.8,,,,,
000000156,Biology,All Students,318,55.3,38.4,5.3,0.9,,,,,
000000156,Biology,Historically Underperforming,62,29.0,51.6,14.5,4.8,,,,,
000000156,Literature,All Students,317,24.0,72.6,2.2,1.3,,,,,
000000156,Literature,Historically Underperforming,62,8.1,77.4,8.1,6.5,,,,,
000000170,Algebra I,All Students,270,17.0,62.6,17.8,2.6,,,,,
000000170,Algebra I,Historically Underperforming,116,7.8,55.2,31.0,6.0,,,,,
000000170,Biology,All Students,272,37.1,39.3,16.2,7.4,,,,,
000000170,Biology,Historically Underperforming,117,23.1,40.2,22.2,14.5,,,,,
000000170,Literature,All Students,270,21.5,60.7,13.3,4.4,,,,,
000000170,Literature,Historically Underperforming,117,9.4,57.3,23.1,10.3,,,,,
000005190,Algebra I,All Students,254,45.3,40.9,11.8,2.0,,,,,
000005190,Algebra I,Historically Underperforming,29,24.1,24.1,37.9,13.8,,,,,
000005190,Biology,All Students,254,44.9,39.0,12.2,3.9,,,,,
000005190,Biology,Historically Underperforming,29,17.2,34.5,20.7,27.6,,,,,
000005190,Literature,All Students,253,31.6,61.3,5.9,1.2,,,,,
000005190,Literature,Historically Underperforming,29,0.0,65.5,24.1,10.3,,,,,
000005153,Algebra I,All Students,156,10.3,50.6,32.7,6.4,,,,,
000005153,Algebra I,Historically Underperforming,86,9.3,38.4,40.7,11.6,,,,,
000005153,Biology,All Students,158,17.7,34.8,29.7,17.7,,,,,
000005153,Biology,Historically Underperforming,87,13.8,28.7,32.2,25.3,,,,,
000005153,Literature,All Students,158,1.9,63.9,21.5,12.7,,,,,
000005153,Literature,Historically Underperforming,87,1.1,54.0,23.0,21.8,,,,,
000008308,Algebra I,All Students,52,0.0,1.9,57.7,40.4,,,,,
000008308,Algebra I,Historically Underperforming,24,0.0,0.0,58.3,41.7,,,,,
000008308,Biology,All Students,46,0.0,0.0,10.9,89.1,,,,,
000008308,Biology,Historically Underperforming,21,0.0,0.0,4.8,95.2,,,,,
000008308,Literature,All Students,49,0.0,14.3,65.3,20.4,,,,,
000008308,Literature,Historically Underperforming,21,0.0,4.8,66.7,28.6,,,,,
000005112,Algebra I,All Students,141,16.3,65.2,12.8,5.7,,,,,
000005112,Algebra I,Historically Underperforming,67,11.9,55.2,22.4,10.4,,,,,
000005112,Biology,All Students,141,10.6,44.7,34.8,9.9,,,,,
000005112,Biology,Historically Underperforming,67,3.0,35.8,46.3,14.9,,,,,
000005112,Literature,All Students,143,5.6,77.6,14.7,2.1,,,,,
000005112,Literature,Historically Underperforming,69,0.0,72.5,23.2,4.3,,,,,
000006105,Algebra I,All Students,209,8.6,31.6,44.5,15.3,,,,,
000006105,Algebra I,Historically Underperforming,141,8.5,29.1,45.4,17.0,,,,,
000006105,Biology,All Students,211,17.5,26.1,28.0,28.4,,,,,
000006105,Biology,Historically Underperforming,143,12.6,25.2,28.0,34.3,,,,,
000006105,Literature,All Students,214,6.1,52.3,32.2,9.3,,,,,
000006105,Literature,Historically Underperforming,146,3.4,47.9,35.6,13.0,,,,,
000006672,Algebra I,All Students,7,,,,,,,,,
000006672,Algebra I,Historically Underperforming,5,,,,,,,,,
000006672,Biology,All Students,7,,,,,,,,,
000006672,Biology,Historically Underperforming,6,,,,,,,,,
000006672,Literature,All Students,8,,,,,,,,,
000006672,Literature,Historically Underperforming,7,,,,,,,,,
000005017,Algebra I,All Students,244,20.1,64.3,12.7,2.9,,,,,
000005017,Algebra I,Historically Underperforming,69,14.5,49.3,27.5,8.7,,,,,
000005017,Biology,All Students,244,38.9,44.7,11.9,4.5,,,,,
000005017,Biology,Historically Underperforming,69,21.7,42.0,20.3,15.9,,,,,
000005017,Literature,All Students,244,11.5,75.4,9.8,3.3,,,,,
000005017,Literature,Historically Underperforming,69,2.9,63.8,21.7,11.6,,,,,
000004951,Algebra I,All Students,285,26.7,64.2,5.3,3.9,,,,,
000004951,Algebra I,Historically Underperforming,49,8.2,51.0,18.4,22.4,,,,,
000004951,Biology,All Students,284,48.2,42.3,6.7,2.8,,,,,
000004951,Biology,Historically Underperforming,49,16.3,44.9,22.4,16.3,,,,,
000004951,Literature,All Students,285,17.5,77.5,3.5,1.4,,,,,
000004951,Literature,Historically Underperforming,49,8.2,65.3,18.4,8.2,,,,,
000000254,Algebra I,All Students,424,32.8,59.2,5.9,2.1,,,,,
000000254,Algebra I,Historically Underperforming,87,16.1,51.7,21.8,10.3,,,,,
000000254,Biology,All Students,421,43.0,43.9,10.2,2.9,,,,,
000000254,Biology,Historically Underperforming,85,27.1,32.9,25.9,14.1,,,,,
000000254,Literature,All Students,421,20.4,74.1,3.6,1.9,,,,,
000000254,Literature,Historically Underperforming,87,8.0,67.8,14.9,9.2,,,,,
000008305,Algebra I,All Students,651,40.4,51.6,6.1,1.8,,,,,
000008305,Algebra I,Historically Underperforming,90,16.7,42.2,27.8,13.3,,,,,
000008305,Biology,All Students,648,53.5,33.6,9.4,3.4,,,,,
000008305,Biology,Historically Underperforming,89,15.7,32.6,31.5,20.2,,,,,
000008305,Literature,All Students,651,29.5,64.5,4.6,1.4,,,,,
000008305,Literature,Historically Underperforming,90,5.6,60.0,24.4,10.0,,,,,
000007101,Algebra I,All Students,376,38.0,44.1,13.3,4.5,,,,,
000007101,Algebra I,Historically Underperforming,113,18.6,35.4,31.0,15.0,,,,,
000007101,Biology,All Students,375,34.9,47.2,11.2,6.7,,,,,
000007101,Biology,Historically Underperforming,111,16.2,41.4,24.3,18.0,,,,,
000007101,Literature,All Students,372,17.2,70.4,8.3,4.0,,,,,
000007101,Literature,Historically Underperforming,108,6.5,60.2,21.3,12.0,,,,,
000000053,Algebra I,All Students,78,6.4,44.9,35.9,12.8,,,,,
000000053,Algebra I,Historically Underperforming,44,6.8,27.3,50.0,15.9,,,,,
000000053,Biology,All Students,79,20.3,26.6,25.3,27.8,,,,,
000000053,Biology,Historically Underperforming,45,8.9,24.4,28.9,37.8,,,,,
000000053,Literature,All Students,78,10.3,59.0,21.8,9.0,,,,,
000000053,Literature,Historically Underperforming,45,6.7,46.7,31.1,15.6,,,,,
000007821,Algebra I,All Students,35,2.9,28.6,51.4,17.1,,,,,
000007821,Algebra I,Historically Underperforming,13,0.0,7.7,69.2,23.1,,,,,
000007821,Biology,All Students,35,11.4,37.1,25.7,25.7,,,,,
000007821,Biology,Historically Underperforming,13,7.7,15.4,23.1,53.8,,,,,
000007821,Literature,All Students,35,2.9,57.1,31.4,8.6,,,,,
000007821,Literature,Historically Underperforming,13,0.0,30.8,53.8,15.4,,,,,
000005274,Algebra I,All Students,4,,,,,,,,,
000005274,Algebra I,Historically Underperforming,2,,,,,,,,,
000005274,Biology,All Students,4,,,,,,,,,
000005274,Biology,Historically Underperforming,2,,,,,,,,,
000005274,Literature,All Students,3,,,,,,,,,
000005274,Literature,Historically Underperforming,1,,,,,,,,,
000000309,Algebra I,All Students,303,7.6,33.0,40.6,18.8,,,,,
000000309,Algebra I,Historically Underperforming,170,5.3,27.1,42.4,25.3,,,,,
000000309,Biology,All Students,303,13.9,31.4,27.4,27.4,,,,,
000000309,Biology,Historically Underperforming,162,9.9,24.1,28.4,37.7,,,,,
000000309,Literature,All Students,309,3.6,53.7,31.4,11.3,,,,,
000000309,Literature,Historically Underperforming,170,1.8,45.3,37.1,15.9,,,,,
000000315,Algebra I,All Students,340,40.9,49.1,8.5,1.5,,,,,
000000315,Algebra I,Historically Underperforming,73,31.5,32.9,28.8,6.8,,,,,
000000315,Biology,All Students,348,40.5,47.1,9.8,2.6,,,,,
000000315,Biology,Historically Underperforming,73,28.8,35.6,23.3,12.3,,,,,
000000315,Literature,All Students,347,13.8,80.1,5.5,0.6,,,,,
000000315,Literature,Historically Underperforming,74,5.4,67.6,24.3,2.7,,,,,
000008203,Algebra I,All Students,57,3.5,19.3,42.1,35.1,,,,,
000008203,Algebra I,Historically Underperforming,44,4.5,18.2,38.6,38.6,,,,,
000008203,Biology,All Students,58,0.0,6.9,27.6,65.5,,,,,
000008203,Biology,Historically Underperforming,45,0.0,8.9,24.4,66.7,,,,,
000008203,Literature,All Students,56,0.0,23.2,41.1,35.7,,,,,
000008203,Literature,Historically Underperforming,43,0.0,25.6,34.9,39.5,,,,,
000000409,Algebra I,All Students,298,14.8,47.0,32.2,6.0,,,,,
000000409,Algebra I,Historically Underperforming,168,7.1,38.7,43.5,10.7,,,,,
000000409,Biology,All Students,294,23.8,27.6,32.0,16.7,,,,,
000000409,Biology,Historically Underperforming,166,7.8,21.7,44.6,25.9,,,,,
000000409,Literature,All Students,297,12.1,65.0,17.5,5.4,,,,,
000000409,Literature,Historically Underperforming,168,3.6,60.7,28.6,7.1,,,,,
000006915,Algebra I,All Students,288,3.8,31.9,43.1,21.2,,,,,
000006915,Algebra I,Historically Underperforming,227,2.6,25.1,46.3,26.0,,,,,
000006915,Biology,All Students,290,3.8,26.6,33.4,36.2,,,,,
000006915,Biology,Historically Underperforming,230,0.9,20.4,35.7,43.0,,,,,
000006915,Literature,All Students,288,1.4,47.6,37.2,13.9,,,,,
000006915,Literature,Historically Underperforming,226,0.4,41.2,40.7,17.7,,,,,
000000412,Algebra I,All Students,166,3.0,51.8,33.1,12.0,,,,,
000000412,Algebra I,Historically Underperforming,124,1.6,49.2,35.5,13.7,,,,,
000000412,Biology,All Students,164,6.1,37.8,34.1,22.0,,,,,
000000412,Biology,Historically Underperforming,122,2.5,32.0,40.2,25.4,,,,,
000000412,Literature,All Students,167,1.2,74.9,16.8,7.2,,,,,
000000412,Literature,Historically Underperforming,125,0.8,69.6,20.8,8.8,,,,,
000000416,Algebra I,All Students,93,0.0,17.2,54.8,28.0,,,,,
000000416,Algebra I,Historically Underperforming,84,0.0,14.3,54.8,31.0,,,,,
000000416,Biology,All Students,93,0.0,9.7,28.0,62.4,,,,,
000000416,Biology,Historically Underperforming,84,0.0,8.3,28.6,63.1,,,,,
000000416,Literature,All Students,84,0.0,36.9,34.5,28.6,,,,,
000000416,Literature,Historically Underperforming,75,0.0,33.3,34.7,32.0,,,,,
000008106,Algebra I,All Students,141,22.7,45.4,31.2,0.7,,,,,
000008106,Algebra I,Historically Underperforming,58,12.1,36.2,50.0,1.7,,,,,
000008106,Biology,All Students,141,32.6,34.8,22.0,10.6,,,,,
000008106,Biology,Historically Underperforming,58,13.8,36.2,31.0,19.0,,,,,
000008106,Literature,All Students,141,20.6,70.9,8.5,0.0,,,,,
000008106,Literature,Historically Underperforming,58,17.2,67.2,15.5,0.0,,,,,
000008110,Algebra I,All Students,95,0.0,22.1,55.8,22.1,,,,,
000008110,Algebra I,Historically Underperforming,76,0.0,25.0,55.3,19.7,,,,,
000008110,Biology,All Students,92,0.0,8.7,25.0,66.3,,,,,
000008110,Biology,Historically Underperforming,75,0.0,8.0,25.3,66.7,,,,,
000008110,Literature,All Students,93,0.0,32.3,41.9,25.8,,,,,
000008110,Literature,Historically Underperforming,74,0.0,29.7,44.6,25.7,,,,,
000008105,Algebra I,All Students,113,16.8,61.9,19.5,1.8,,,,,
000008105,Algebra I,Historically Underperforming,75,12.0,60.0,25.3,2.7,,,,,
000008105,Biology,All Students,112,21.4,43.8,25.0,9.8,,,,,
000008105,Biology,Historically Underperforming,74,12.2,44.6,31.1,12.2,,,,,
000008105,Literature,All Students,111,5.4,85.6,8.1,0.9,,,,,
000008105,Literature,Historically Underperforming,75,4.0,82.7,12.0,1.3,,,,,
000008300,Algebra I,All Students,36,5.6,30.6,52.8,11.1,,,,,
000008300,Algebra I,Historically Underperforming,24,0.0,25.0,58.3,16.7,,,,,
000008300,Biology,All Students,36,11.1,19.4,30.6,38.9,,,,,
000008300,Biology,Historically Underperforming,25,8.0,12.0,24.0,56.0,,,,,
000008300,Literature,All Students,37,5.4,48.6,37.8,8.1,,,,,
000008300,Literature,Historically Underperforming,25,4.0,32.0,52.0,12.0,,,,,
000008107,Algebra I,All Students,89,16.9,67.4,14.6,1.1,,,,,
000008107,Algebra I,Historically Underperforming,58,13.8,67.2,17.2,1.7,,,,,
000008107,Biology,All Students,89,21.3,60.7,16.9,1.1,,,,,
000008107,Biology,Historically Underperforming,58,19.0,56.9,22.4,1.7,,,,,
000008107,Literature,All Students,89,6.7,85.4,5.6,2.2,,,,,
000008107,Literature,Historically Underperforming,58,5.2,82.8,8.6,3.4,,,,,
000000435,Algebra I,All Students,308,10.7,71.8,14.6,2.9,,,,,
000000435,Algebra I,Historically Underperforming,82,2.4,59.8,26.8,11.0,,,,,
000000435,Biology,All Students,307,31.6,45.9,17.3,5.2,,,,,
000000435,Biology,Historically Underperforming,80,15.0,42.5,26.3,16.3,,,,,
000000435,Literature,All Students,308,13.3,73.4,11.4,1.9,,,,,
000000435,Literature,Historically Underperforming,82,6.1,59.8,28.0,6.1,,,,,
000008129,Algebra I,All Students,67,1.5,43.3,46.3,9.0,,,,,
000008129,Algebra I,Historically Underperforming,50,0.0,40.0,48.0,12.0,,,,,
000008129,Biology,All Students,62,4.8,17.7,29.0,48.4,,,,,
000008129,Biology,Historically Underperforming,47,2.1,19.1,27.7,51.1,,,,,
000008129,Literature,All Students,65,6.2,50.8,24.6,18.5,,,,,
000008129,Literature,Historically Underperforming,49,6.1,46.9,24.5,22.4,,,,,
000007772,Algebra I,All Students,38,0.0,39.5,42.1,18.4,,,,,
000007772,Algebra I,Historically Underperforming,31,0.0,38.7,38.7,22.6,,,,,
000007772,Biology,All Students,38,2.6,21.1,23.7,52.6,,,,,
000007772,Biology,Historically Underperforming,31,0.0,22.6,25.8,51.6,,,,,
000007772,Literature,All Students,38,2.6,47.4,36.8,13.2,,,,,
000007772,Literature,Historically Underperforming,31,0.0,51.6,32.3,16.1,,,,,
000000448,Algebra I,All Students,147,36.7,49.7,8.8,4.8,,,,,
000000448,Algebra I,Historically Underperforming,27,18.5,37.0,25.9,18.5,,,,,
000000448,Biology,All Students,146,61.0,23.3,9.6,6.2,,,,,
000000448,Biology,Historically Underperforming,27,25.9,11.1,37.0,25.9,,,,,
000000448,Literature,All Students,149,23.5,67.1,5.4,4.0,,,,,
000000448,Literature,Historically Underperforming,28,7.1,53.6,21.4,17.9,,,,,
000006928,Algebra I,All Students,76,19.7,40.8,31.6,7.9,,,,,
000006928,Algebra I,Historically Underperforming,41,7.3,31.7,48.8,12.2,,,,,
000006928,Biology,All Students,75,30.7,33.3,16.0,20.0,,,,,
000006928,Biology,Historically Underperforming,40,7.5,35.0,22.5,35.0,,,,,
000006928,Literature,All Students,75,6.7,66.7,20.0,6.7,,,,,
000006928,Literature,Historically Underperforming,40,0.0,57.5,30.0,12.5,,,,,
000000460,Algebra I,All Students,336,10.7,62.2,21.1,6.0,,,,,
000000460,Algebra I,Historically Underperforming,126,6.3,50.8,29.4,13.5,,,,,
000000460,Biology,All Students,335,24.5,47.8,17.0,10.7,,,,,
000000460,Biology,Historically Underperforming,126,14.3,42.9,24.6,18.3,,,,,
000000460,Literature,All Students,333,4.5,78.1,11.7,5.7,,,,,
000000460,Literature,Historically Underperforming,123,0.0,71.5,13.0,15.4,,,,,
000000440,Algebra I,All Students,92,4.3,46.7,44.6,4.3,,,,,
000000440,Algebra I,Historically Underperforming,46,4.3,37.0,50.0,8.7,,,,,
000000440,Biology,All Students,92,14.1,46.7,23.9,15.2,,,,,
000000440,Biology,Historically Underperforming,46,10.9,39.1,21.7,28.3,,,,,
000000440,Literature,All Students,92,4.3,67.4,23.9,4.3,,,,,
000000440,Literature,Historically Underperforming,46,4.3,54.3,34.8,6.5,,,,,
000000470,Algebra I,All Students,194,37.6,55.2,5.7,1.5,,,,,
000000470,Algebra I,Historically Underperforming,45,15.6,60.0,17.8,6.7,,,,,
000000470,Biology,All Students,194,39.7,44.3,13.4,2.6,,,,,
000000470,Biology,Historically Underperforming,45,17.8,37.8,33.3,11.1,,,,,
000000470,Literature,All Students,194,18.0,69.6,8.8,3.6,,,,,
000000470,Literature,Historically Underperforming,45,8.9,53.3,24.4,13.3,,,,,
000000467,Algebra I,All Students,143,23.8,55.2,16.1,4.9,,,,,
000000467,Algebra I,Historically Underperforming,45,17.8,37.8,28.9,15.6,,,,,
000000467,Biology,All Students,144,38.2,38.9,13.2,9.7,,,,,
000000467,Biology,Historically Underperforming,45,20.0,35.6,15.6,28.9,,,,,
000000467,Literature,All Students,144,8.3,76.4,10.4,4.9,,,,,
000000467,Literature,Historically Underperforming,45,6.7,57.8,20.0,15.6,,,,,
000007648,Algebra I,All Students,2,,,,,,,,,
000007648,Algebra I,Historically Underperforming,2,,,,,,,,,
000007648,Biology,All Students,1,,,,,,,,,
000007648,Biology,Historically Underperforming,1,,,,,,,,,
000007648,Literature,All Students,1,,,,,,,,,
000007648,Literature,Historically Underperforming,1,,,,,,,,,
000006113,Algebra I,All Students,6,,,,,,,,,
000006113,Algebra I,Historically Underperforming,6,,,,,,,,,
000006113,Biology,All Students,6,,,,,,,,,
000006113,Biology,Historically Underperforming,6,,,,,,,,,
000006113,Literature,All Students,5,,,,,,,,,
000006113,Literature,Historically Underperforming,5,,,,,,,,,
000000196,Algebra I,All Students,103,3.9,48.5,35.0,12.6,,,,,
000000196,Algebra I,Historically Underperforming,80,5.0,45.0,36.3,13.8,,,,,
000000196,Biology,All Students,104,4.8,41.3,23.1,30.8,,,,,
000000196,Biology,Historically Underperforming,81,3.7,40.7,23.5,32.1,,,,,
000000196,Literature,All Students,103,0.0,65.0,22.3,12.6,,,,,
000000196,Literature,Historically Underperforming,80,0.0,61.3,23.8,15.0,,,,,
000000477,Algebra I,All Students,64,0.0,23.4,48.4,28.1,,,,,
000000477,Algebra I,Historically Underperforming,46,0.0,17.4,52.2,30.4,,,,,
000000477,Biology,All Students,63,4.8,15.9,36.5,42.9,,,,,
000000477,Biology,Historically Underperforming,45,2.2,17.8,31.1,48.9,,,,,
000000477,Literature,All Students,63,1.6,33.3,44.4,20.6,,,,,
000000477,Literature,Historically Underperforming,45,2.2,26.7,44.4,26.7,,,,,
000000492,Algebra I,All Students,358,40.5,52.8,6.1,0.6,,,,,
000000492,Algebra I,Historically Underperforming,70,14.3,55.7,27.1,2.9,,,,,
000000492,Biology,All Students,357,59.9,34.5,3.6,2.0,,,,,
000000492,Biology,Historically Underperforming,69,34.8,39.1,17.4,8.7,,,,,
000000492,Literature,All Students,357,22.7,73.1,4.2,0.0,,,,,
000000492,Literature,Historically Underperforming,69,14.5,66.7,18.8,0.0,,,,,
000007562,Algebra I,All Students,41,0.0,36.6,48.8,14.6,,,,,
000007562,Algebra I,Historically Underperforming,30,0.0,33.3,50.0,16.7,,,,,
000007562,Biology,All Students,41,0.0,22.0,43.9,34.1,,,,,
000007562,Biology,Historically Underperforming,30,0.0,16.7,43.3,40.0,,,,,
000007562,Literature,All Students,41,0.0,61.0,29.3,9.8,,,,,
000007562,Literature,Historically Underperforming,30,0.0,60.0,26.7,13.3,,,,,
000000509,Algebra I,All Students,278,20.1,59.7,15.1,5.0,,,,,
000000509,Algebra I,Historically Underperforming,70,5.7,45.7,31.4,17.1,,,,,
000000509,Biology,All Students,278,28.1,52.5,15.8,3.6,,,,,
000000509,Biology,Historically Underperforming,69,10.1,46.4,33.3,10.1,,,,,
000000509,Literature,All Students,276,11.2,77.2,9.8,1.8,,,,,
000000509,Literature,Historically Underperforming,70,4.3,65.7,24.3,5.7,,,,,
000000523,Algebra I,All Students,221,15.4,67.4,14.5,2.7,,,,,
000000523,Algebra I,Historically Underperforming,49,6.1,49.0,34.7,10.2,,,,,
000000523,Biology,All Students,222,25.2,57.7,12.6,4.5,,,,,
000000523,Biology,Historically Underperforming,47,12.8,42.6,25.5,19.1,,,,,
000000523,Literature,All Students,223,22.4,69.1,6.3,2.2,,,,,
000000523,Literature,Historically Underperforming,48,12.5,56.3,20.8,10.4,,,,,
000000536,Algebra I,All Students,229,2.2,54.6,30.1,13.1,,,,,
000000536,Algebra I,Historically Underperforming,123,1.6,39.8,35.8,22.8,,,,,
000000536,Biology,All Students,228,14.0,33.8,28.9,23.2,,,,,
000000536,Biology,Historically Underperforming,124,8.1,26.6,29.8,35.5,,,,,
000000536,Literature,All Students,227,3.1,66.5,20.3,10.1,,,,,
000000536,Literature,Historically Underperforming,122,2.5,52.5,27.0,18.0,,,,,
000000555,Algebra I,All Students,24,0.0,12.5,54.2,33.3,,,,,
000000555,Algebra I,Historically Underperforming,20,0.0,15.0,45.0,40.0,,,,,
000000555,Biology,All Students,23,0.0,0.0,43.5,56.5,,,,,
000000555,Biology,Historically Underperforming,19,0.0,0.0,36.8,63.2,,,,,
000000555,Literature,All Students,24,0.0,20.8,54.2,25.0,,,,,
000000555,Literature,Historically Underperforming,19,0.0,21.1,47.4,31.6,,,,,
000000107,Algebra I,All Students,237,7.2,49.8,31.2,11.8,,,,,
000000107,Algebra I,Historically Underperforming,110,2.7,35.5,39.1,22.7,,,,,
000000107,Biology,All Students,240,13.3,34.2,30.8,21.7,,,,,
000000107,Biology,Historically Underperforming,115,1.7,28.7,33.0,36.5,,,,,
000000107,Literature,All Students,236,4.7,65.3,20.8,9.3,,,,,
000000107,Literature,Historically Underperforming,108,0.9,54.6,25.0,19.4,,,,,
000002320,Algebra I,All Students,74,5.4,71.6,21.6,1.4,,,,,
000002320,Algebra I,Historically Underperforming,34,5.9,64.7,26.5,2.9,,,,,
000002320,Biology,All Students,76,14.5,63.2,22.4,0.0,,,,,
000002320,Biology,Historically Underperforming,35,5.7,57.1,37.1,0.0,,,,,
000002320,Literature,All Students,75,10.7,74.7,12.0,2.7,,,,,
000002320,Literature,Historically Underperforming,34,0.0,73.5,20.6,5.9,,,,,
000008342,Algebra I,All Students,209,9.6,67.5,20.1,2.9,,,,,
000008342,Algebra I,Historically Underperforming,79,2.5,54.4,35.4,7.6,,,,,
000008342,Biology,All Students,212,29.7,41.5,21.7,7.1,,,,,
000008342,Biology,Historically Underperforming,79,21.5,31.6,34.2,12.7,,,,,
000008342,Literature,All Students,214,3.3,75.7,16.4,4.7,,,,,
000008342,Literature,Historically Underperforming,81,1.2,61.7,25.9,11.1,,,,,
000007640,Algebra I,All Students,78,6.4,79.5,11.5,2.6,,,,,
000007640,Algebra I,Historically Underperforming,25,12.0,56.0,28.0,4.0,,,,,
000007640,Biology,All Students,77,24.7,57.1,15.6,2.6,,,,,
000007640,Biology,Historically Underperforming,25,20.0,40.0,32.0,8.0,,,,,
000007640,Literature,All Students,77,14.3,74.0,10.4,1.3,,,,,
000007640,Literature,Historically Underperforming,25,8.0,64.0,28.0,0.0,,,,,
000000594,Algebra I,All Students,136,33.8,53.7,11.8,0.7,,,,,
000000594,Algebra I,Historically Underperforming,36,22.2,61.1,13.9,2.8,,,,,
000000594,Biology,All Students,138,58.0,28.3,10.1,3.6,,,,,
000000594,Biology,Historically Underperforming,38,39.5,26.3,23.7,10.5,,,,,
000000594,Literature,All Students,136,16.2,75.0,6.6,2.2,,,,,
000000594,Literature,Historically Underperforming,37,8.1,64.9,18.9,8.1,,,,,
000007923,Algebra I,All Students,46,8.7,71.7,15.2,4.3,,,,,
000007923,Algebra I,Historically Underperforming,19,10.5,52.6,26.3,10.5,,,,,
000007923,Biology,All Students,46,19.6,56.5,17.4,6.5,,,,,
000007923,Biology,Historically Underperforming,19,15.8,42.1,26.3,15.8,,,,,
000007923,Literature,All Students,46,13.0,76.1,8.7,2.2,,,,,
000007923,Literature,Historically Underperforming,18,16.7,61.1,16.7,5.6,,,,,
000004807,Algebra I,All Students,209,3.3,55.0,32.1,9.6,,,,,
000004807,Algebra I,Historically Underperforming,129,2.3,43.4,38.8,15.5,,,,,
000004807,Biology,All Students,210,11.0,57.1,21.0,11.0,,,,,
000004807,Biology,Historically Underperforming,130,7.7,50.8,23.8,17.7,,,,,
000004807,Literature,All Students,210,1.0,64.3,27.1,7.6,,,,,
000004807,Literature,Historically Underperforming,130,0.8,56.2,30.8,12.3,,,,,
000008086,Algebra I,All Students,71,11.3,26.8,42.3,19.7,,,,,
000008086,Algebra I,Historically Underperforming,68,10.3,25.0,44.1,20.6,,,,,
000008086,Biology,All Students,70,5.7,18.6,40.0,35.7,,,,,
000008086,Biology,Historically Underperforming,67,6.0,16.4,40.3,37.3,,,,,
000008086,Literature,All Students,71,1.4,57.7,31.0,9.9,,,,,
000008086,Literature,Historically Underperforming,68,1.5,55.9,32.4,10.3,,,,,
000006555,Algebra I,All Students,171,11.7,49.1,32.7,6.4,,,,,
000006555,Algebra I,Historically Underperforming,75,8.0,41.3,40.0,10.7,,,,,
000006555,Biology,All Students,174,19.0,44.8,23.6,12.6,,,,,
000006555,Biology,Historically Underperforming,77,11.7,39.0,26.0,23.4,,,,,
000006555,Literature,All Students,172,6.4,67.4,19.2,7.0,,,,,
000006555,Literature,Historically Underperforming,77,3.9,58.4,27.3,10.4,,,,,
000000640,Algebra I,All Students,168,27.4,61.9,7.7,3.0,,,,,
000000640,Algebra I,Historically Underperforming,27,7.4,63.0,18.5,11.1,,,,,
000000640,Biology,All Students,169,42.6,43.2,10.1,4.1,,,,,
000000640,Biology,Historically Underperforming,27,25.9,40.7,18.5,14.8,,,,,
000000640,Literature,All Students,166,11.4,80.7,6.6,1.2,,,,,
000000640,Literature,Historically Underperforming,25,8.0,72.0,16.0,4.0,,,,,
000006985,Algebra I,All Students,6,,,,,,,,,
000006985,Algebra I,Historically Underperforming,3,,,,,,,,,
000006985,Biology,All Students,7,,,,,,,,,
000006985,Biology,Historically Underperforming,4,,,,,,,,,
000006985,Literature,All Students,7,,,,,,,,,
000006985,Literature,Historically Underperforming,4,,,,,,,,,
000000649,Algebra I,All Students,116,10.3,49.1,28.4,12.1,,,,,
000000649,Algebra I,Historically Underperforming,77,7.8,37.7,37.7,16.9,,,,,
000000649,Biology,All Students,115,7.0,39.1,27.0,27.0,,,,,
000000649,Biology,Historically Underperforming,75,5.3,25.3,34.7,34.7,,,,,
000000649,Literature,All Students,114,1.8,68.4,17.5,12.3,,,,,
000000649,Literature,Historically Underperforming,75,1.3,60.0,20.0,18.7,,,,,
000006707,Algebra I,All Students,175,16.6,64.0,17.7,1.7,,,,,
000006707,Algebra I,Historically Underperforming,47,12.8,51.1,29.8,6.4,,,,,
000006707,Biology,All Students,174,41.4,48.9,9.2,0.6,,,,,
000006707,Biology,Historically Underperforming,47,21.3,61.7,14.9,2.1,,,,,
000006707,Literature,All Students,173,11.6,80.9,6.9,0.6,,,,,
000006707,Literature,Historically Underperforming,46,2.2,80.4,15.2,2.2,,,,,
000008044,Algebra I,All Students,164,20.1,54.9,20.1,4.9,,,,,
000008044,Algebra I,Historically Underperforming,65,9.2,40.0,38.5,12.3,,,,,
000008044,Biology,All Students,162,15.4,48.1,25.3,11.1,,,,,
000008044,Biology,Historically Underperforming,63,11.1,36.5,27.0,25.4,,,,,
000008044,Literature,All Students,161,4.3,78.3,14.3,3.1,,,,,
000008044,Literature,Historically Underperforming,62,4.8,58.1,29.0,8.1,,,,,
000006563,Algebra I,All Students,88,4.5,68.2,23.9,3.4,,,,,
000006563,Algebra I,Historically Underperforming,35,2.9,60.0,28.6,8.6,,,,,
000006563,Biology,All Students,90,16.7,50.0,24.4,8.9,,,,,
000006563,Biology,Historically Underperforming,35,8.6,45.7,25.7,20.0,,,,,
000006563,Literature,All Students,90,5.6,77.8,14.4,2.2,,,,,
000006563,Literature,Historically Underperforming,35,0.0,65.7,28.6,5.7,,,,,
000000675,Algebra I,All Students,163,27.0,51.5,12.9,8.6,,,,,
000000675,Algebra I,Historically Underperforming,50,6.0,50.0,18.0,26.0,,,,,
000000675,Biology,All Students,165,22.4,46.7,21.8,9.1,,,,,
000000675,Biology,Historically Underperforming,52,7.7,38.5,28.8,25.0,,,,,
000000675,Literature,All Students,163,9.2,72.4,14.1,4.3,,,,,
000000675,Literature,Historically Underperforming,52,1.9,53.8,30.8,13.5,,,,,
000007859,Algebra I,All Students,118,18.6,56.8,20.3,4.2,,,,,
000007859,Algebra I,Historically Underperforming,30,20.0,36.7,26.7,16.7,,,,,
000007859,Biology,All Students,118,20.3,60.2,13.6,5.9,,,,,
000007859,Biology,Historically Underperforming,30,13.3,53.3,23.3,10.0,,,,,
000007859,Literature,All Students,118,11.0,78.8,7.6,2.5,,,,,
000007859,Literature,Historically Underperforming,30,6.7,70.0,13.3,10.0,,,,,
000000695,Algebra I,All Students,90,2.2,64.4,30.0,3.3,,,,,
000000695,Algebra I,Historically Underperforming,50,0.0,58.0,36.0,6.0,,,,,
000000695,Biology,All Students,90,21.1,51.1,25.6,2.2,,,,,
000000695,Biology,Historically Underperforming,50,24.0,38.0,34.0,4.0,,,,,
000000695,Literature,All Students,90,0.0,75.6,22.2,2.2,,,,,
000000695,Literature,Historically Underperforming,50,0.0,68.0,28.0,4.0,,,,,
000007650,Algebra I,All Students,959,6.7,40.3,37.2,15.8,,,,,
000007650,Algebra I,Historically Underperforming,380,2.9,27.4,40.5,29.2,,,,,
000007650,Biology,All Students,952,10.8,36.2,28.2,24.8,,,,,
000007650,Biology,Historically Underperforming,374,6.7,25.7,28.9,38.8,,,,,
000007650,Literature,All Students,958,3.1,62.9,27.5,6.5,,,,,
000007650,Literature,Historically Underperforming,378,1.9,45.5,39.9,12.7,,,,,
000000700,Algebra I,All Students,118,28.8,46.6,17.8,6.8,,,,,
000000700,Algebra I,Historically Underperforming,46,21.7,32.6,30.4,15.2,,,,,
000000700,Biology,All Students,118,30.5,38.1,25.4,5.9,,,,,
000000700,Biology,Historically Underperforming,46,19.6,26.1,43.5,10.9,,,,,
000000700,Literature,All Students,118,13.6,70.3,13.6,2.5,,,,,
000000700,Literature,Historically Underperforming,46,2.2,60.9,32.6,4.3,,,,,
000008000,Algebra I,All Students,50,2.0,66.0,10.0,22.0,,,,,
000008000,Algebra I,Historically Underperforming,32,0.0,56.3,9.4,34.4,,,,,
000008000,Biology,All Students,49,28.6,36.7,16.3,18.4,,,,,
000008000,Biology,Historically Underperforming,31,19.4,35.5,19.4,25.8,,,,,
000008000,Literature,All Students,49,4.1,65.3,18.4,12.2,,,,,
000008000,Literature,Historically Underperforming,31,3.2,54.8,22.6,19.4,,,,,
000000714,Algebra I,All Students,92,19.6,56.5,18.5,5.4,,,,,
000000714,Algebra I,Historically Underperforming,27,7.4,48.1,33.3,11.1,,,,,
000000714,Biology,All Students,95,20.0,51.6,22.1,6.3,,,,,
000000714,Biology,Historically Underperforming,29,6.9,44.8,37.9,10.3,,,,,
000000714,Literature,All Students,93,3.2,78.5,18.3,0.0,,,,,
000000714,Literature,Historically Underperforming,29,0.0,69.0,31.0,0.0,,,,,
000000719,Algebra I,All Students,52,11.5,53.8,25.0,9.6,,,,,
000000719,Algebra I,Historically Underperforming,20,0.0,45.0,35.0,20.0,,,,,
000000719,Biology,All Students,53,13.2,47.2,22.6,17.0,,,,,
000000719,Biology,Historically Underperforming,21,4.8,33.3,28.6,33.3,,,,,
000000719,Literature,All Students,53,7.5,58.5,17.0,17.0,,,,,
000000719,Literature,Historically Underperforming,21,0.0,38.1,23.8,38.1,,,,,
000000726,Algebra I,All Students,145,19.3,48.3,26.2,6.2,,,,,
000000726,Algebra I,Historically Underperforming,68,5.9,47.1,36.8,10.3,,,,,
000000726,Biology,All Students,152,33.6,37.5,18.4,10.5,,,,,
000000726,Biology,Historically Underperforming,73,20.5,32.9,27.4,19.2,,,,,
000000726,Literature,All Students,151,7.3,64.2,21.2,7.3,,,,,
000000726,Literature,Historically Underperforming,72,5.6,51.4,31.9,11.1,,,,,
000007096,Algebra I,All Students,21,0.0,57.1,42.9,0.0,,,,,
000007096,Algebra I,Historically Underperforming,8,,,,,,,,,
000007096,Biology,All Students,20,0.0,55.0,35.0,10.0,,,,,
000007096,Biology,Historically Underperforming,7,,,,,,,,,
000007096,Literature,All Students,22,0.0,77.3,18.2,4.5,,,,,
000007096,Literature,Historically Underperforming,9,,,,,,,,,
000000732,Algebra I,All Students,117,11.1,64.1,19.7,5.1,,,,,
000000732,Algebra I,Historically Underperforming,59,3.4,54.2,32.2,10.2,,,,,
000000732,Biology,All Students,116,11.2,53.4,28.4,6.9,,,,,
000000732,Biology,Historically Underperforming,58,5.2,39.7,44.8,10.3,,,,,
000000732,Literature,All Students,116,0.9,81.0,15.5,2.6,,,,,
000000732,Literature,Historically Underperforming,59,0.0,66.1,28.8,5.1,,,,,
000007897,Algebra I,All Students,119,5.0,75.6,17.6,1.7,,,,,
000007897,Algebra I,Historically Underperforming,69,4.3,71.0,21.7,2.9,,,,,
000007897,Biology,All Students,119,5.9,60.5,26.1,7.6,,,,,
000007897,Biology,Historically Underperforming,69,5.8,50.7,31.9,11.6,,,,,
000007897,Literature,All Students,119,2.5,81.5,15.1,0.8,,,,,
000007897,Literature,Historically Underperforming,69,1.4,73.9,23.2,1.4,,,,,
000008154,Algebra I,All Students,19,5.3,42.1,36.8,15.8,,,,,
000008154,Algebra I,Historically Underperforming,11,9.1,54.5,9.1,27.3,,,,,
000008154,Biology,All Students,19,21.1,31.6,26.3,21.1,,,,,
000008154,Biology,Historically Underperforming,11,27.3,36.4,9.1,27.3,,,,,
000008154,Literature,All Students,19,0.0,63.2,21.1,15.8,,,,,
000008154,Literature,Historically Underperforming,11,0.0,63.6,9.1,27.3,,,,,
000000747,Algebra I,All Students,61,24.6,62.3,13.1,0.0,,,,,
000000747,Algebra I,Historically Underperforming,26,11.5,69.2,19.2,0.0,,,,,
000000747,Biology,All Students,63,30.2,58.7,9.5,1.6,,,,,
000000747,Biology,Historically Underperforming,26,15.4,65.4,15.4,3.8,,,,,
000000747,Literature,All Students,63,6.3,90.5,3.2,0.0,,,,,
000000747,Literature,Historically Underperforming,26,0.0,92.3,7.7,0.0,,,,,
