Schl,Subject,Group,N Scored,Pct. Advanced,Pct. Proficient,Pct. Basic,Pct. Below Basic
8471,Algebra I,All Students,3,,,,
8471,Biology,All Students,1,,,,
8471,Literature,All Students,1,,,,
0003,Algebra I,All Students,135,32.6,42.2,23.7,1.5
0003,Algebra I,Historically Underperforming,37,24.3,35.1,37.8,2.7
0003,Biology,All Students,36,72.2,16.7,11.1,0.0
0003,Biology,Historically Underperforming,6,,,,
0003,Literature,All Students,87,13.8,86.2,0.0,0.0
0003,Literature,Historically Underperforming,18,22.2,77.8,0.0,0.0
0017,Algebra I,All Students,227,37.4,43.6,14.5,4.4
0017,Algebra I,Historically Underperforming,78,24.4,41.0,21.8,12.8
0017,Biology,All Students,40,52.5,12.5,30.0,5.0
0017,Biology,Historically Underperforming,15,33.3,20.0,40.0,6.7
0017,Literature,All Students,14,0.0,14.3,50.0,35.7
0017,Literature,Historically Underperforming,9,,,,
6269,Algebra I,All Students,75,26.7,37.3,30.7,5.3
6269,Algebra I,Historically Underperforming,16,25.0,37.5,25.0,12.5
6269,Biology,All Students,40,42.5,37.5,17.5,2.5
6269,Biology,Historically Underperforming,9,,,,
6271,Algebra I,All Students,194,38.1,42.3,17.0,2.6
6271,Algebra I,Historically Underperforming,60,16.7,46.7,28.3,8.3
6271,Biology,All Students,27,44.4,14.8,29.6,11.1
6271,Biology,Historically Underperforming,10,,,,
6271,Literature,All Students,11,9.1,27.3,36.4,27.3
6271,Literature,Historically Underperforming,8,,,,
0014,Algebra I,All Students,145,27.6,42.8,23.4,6.2
0014,Algebra I,Historically Underperforming,30,10.0,20.0,46.7,23.3
0014,Biology,All Students,142,43.7,31.7,16.2,8.5
0014,Biology,Historically Underperforming,30,33.3,6.7,30.0,30.0
0014,Literature,All Students,6,,,,
0014,Literature,Historically Underperforming,5,,,,
0021,Algebra I,All Students,124,24.2,36.3,31.5,8.1
0021,Algebra I,Historically Underperforming,55,14.5,27.3,40.0,18.2
0021,Biology,All Students,12,0.0,16.7,50.0,33.3
0021,Biology,Historically Underperforming,8,,,,
0021,Literature,All Students,3,,,,
0021,Literature,Historically Underperforming,3,,,,
5273,Algebra I,All Students,4,,,,
5273,Algebra I,Historically Underperforming,2,,,,
5273,Biology,All Students,3,,,,
5273,Biology,Historically Underperforming,2,,,,
0029,Algebra I,All Students,61,18.0,42.6,32.8,6.6
0029,Algebra I,Historically Underperforming,26,15.4,38.5,38.5,7.7
0029,Biology,All Students,28,57.1,35.7,3.6,3.6
0029,Biology,Historically Underperforming,11,54.5,27.3,9.1,9.1
0029,Literature,All Students,3,,,,
0029,Literature,Historically Underperforming,2,,,,
5199,Algebra I,All Students,114,34.2,32.5,26.3,7.0
5199,Algebra I,Historically Underperforming,32,12.5,37.5,34.4,15.6
5199,Biology,All Students,81,40.7,42.0,16.0,1.2
5199,Biology,Historically Underperforming,13,38.5,30.8,30.8,0.0
0050,Algebra I,All Students,297,30.0,29.6,32.0,8.4
0050,Algebra I,Historically Underperforming,91,26.4,22.0,34.1,17.6
0050,Biology,All Students,321,36.1,30.5,21.5,11.8
0050,Biology,Historically Underperforming,111,30.6,21.6,20.7,27.0
0062,Algebra I,All Students,280,29.6,47.5,18.6,4.3
0062,Algebra I,Historically Underperforming,61,21.3,31.1,31.1,16.4
0062,Biology,All Students,112,58.0,31.3,8.9,1.8
0062,Biology,Historically Underperforming,12,41.7,25.0,16.7,16.7
0062,Literature,All Students,3,,,,
0062,Literature,Historically Underperforming,2,,,,
0070,Algebra I,All Students,74,17.6,37.8,43.2,1.4
0070,Algebra I,Historically Underperforming,33,15.2,33.3,51.5,0.0
0070,Biology,All Students,59,39.0,39.0,20.3,1.7
0070,Biology,Historically Underperforming,28,25.0,46.4,28.6,0.0
0070,Literature,All Students,2,,,,
0070,Literature,Historically Underperforming,1,,,,
0079,Algebra I,All Students,80,16.3,30.0,36.3,17.5
0079,Algebra I,Historically Underperforming,35,11.4,31.4,34.3,22.9
0079,Biology,All Students,76,28.9,28.9,30.3,11.8
0079,Biology,Historically Underperforming,33,21.2,36.4,24.2,18.2
6706,Algebra I,All Students,209,15.8,38.3,34.0,12.0
6706,Algebra I,Historically Underperforming,59,3.4,22.0,44.1,30.5
6706,Biology,All Students,212,30.7,34.0,22.2,13.2
6706,Biology,Historically Underperforming,66,15.2,21.2,27.3,36.4
7727,Biology,All Students,133,1.5,15.8,40.6,42.1
7727,Biology,Historically Underperforming,93,1.1,9.7,40.9,48.4
8094,Algebra I,All Students,49,2.0,22.4,61.2,14.3
8094,Algebra I,Historically Underperforming,44,2.3,18.2,63.6,15.9
8094,Biology,All Students,26,11.5,26.9,46.2,15.4
8094,Biology,Historically Underperforming,21,9.5,19.0,52.4,19.0
8094,Literature,All Students,9,,,,
8094,Literature,Historically Underperforming,9,,,,
8087,Algebra I,All Students,35,0.0,31.4,51.4,17.1
8087,Algebra I,Historically Underperforming,23,0.0,17.4,56.5,26.1
8087,Biology,All Students,21,23.8,38.1,28.6,9.5
8087,Biology,Historically Underperforming,12,8.3,33.3,41.7,16.7
8087,Literature,All Students,3,,,,
8087,Literature,Historically Underperforming,3,,,,
0513,Algebra I,All Students,148,19.6,33.8,27.0,19.6
0513,Algebra I,Historically Underperforming,48,8.3,14.6,41.7,35.4
0513,Biology,All Students,148,19.6,31.1,35.1,14.2
0513,Biology,Historically Underperforming,47,8.5,19.1,44.7,27.7
8340,Algebra I,All Students,41,29.3,24.4,17.1,29.3
8340,Algebra I,Historically Underperforming,27,18.5,18.5,22.2,40.7
8340,Biology,All Students,39,43.6,28.2,5.1,23.1
8340,Biology,Historically Underperforming,23,26.1,30.4,4.3,39.1
8340,Literature,All Students,5,,,,
8340,Literature,Historically Underperforming,5,,,,
0144,Algebra I,All Students,172,14.5,44.8,26.2,14.5
0144,Algebra I,Historically Underperforming,64,7.8,28.1,31.3,32.8
0144,Biology,All Students,173,24.3,41.0,18.5,16.2
0144,Biology,Historically Underperforming,65,9.2,32.3,21.5,36.9
5016,Algebra I,All Students,13,0.0,7.7,46.2,46.2
5016,Algebra I,Historically Underperforming,8,,,,
5016,Biology,All Students,12,16.7,16.7,25.0,41.7
5016,Biology,Historically Underperforming,6,,,,
5016,Literature,All Students,11,0.0,36.4,18.2,45.5
5016,Literature,Historically Underperforming,8,,,,
0156,Algebra I,All Students,315,55.2,31.4,10.8,2.5
0156,Algebra I,Historically Underperforming,73,26.0,35.6,28.8,9.6
0156,Biology,All Students,241,74.3,23.2,2.5,0.0
0156,Biology,Historically Underperforming,32,53.1,40.6,6.3,0.0
0156,Literature,All Students,2,,,,
0170,Algebra I,All Students,176,28.4,34.7,26.1,10.8
0170,Algebra I,Historically Underperforming,66,13.6,31.8,31.8,22.7
0170,Biology,All Students,95,66.3,13.7,9.5,10.5
0170,Biology,Historically Underperforming,33,39.4,9.1,21.2,30.3
0170,Literature,All Students,57,45.6,50.9,3.5,0.0
0170,Literature,Historically Underperforming,12,16.7,66.7,16.7,0.0
5190,Algebra I,All Students,238,43.3,43.7,10.5,2.5
5190,Algebra I,Historically Underperforming,39,17.9,46.2,23.1,12.8
5190,Biology,All Students,208,56.3,36.1,7.7,0.0
5190,Biology,Historically Underperforming,21,33.3,47.6,19.0,0.0
5190,Literature,All Students,1,,,,
5190,Literature,Historically Underperforming,1,,,,
5153,Algebra I,All Students,127,11.8,40.2,33.9,14.2
5153,Algebra I,Historically Underperforming,56,5.4,33.9,35.7,25.0
5153,Biology,All Students,140,7.9,23.6,37.9,30.7
5153,Biology,Historically Underperforming,65,3.1,18.5,32.3,46.2
5153,Literature,All Students,4,,,,
5153,Literature,Historically Underperforming,2,,,,
5112,Algebra I,All Students,128,25.8,40.6,26.6,7.0
5112,Algebra I,Historically Underperforming,50,16.0,34.0,40.0,10.0
5112,Biology,All Students,131,27.5,37.4,21.4,13.7
5112,Biology,Historically Underperforming,53,17.0,34.0,26.4,22.6
5112,Literature,All Students,4,,,,
5112,Literature,Historically Underperforming,4,,,,
6105,Algebra I,All Students,148,6.1,15.5,38.5,39.9
6105,Algebra I,Historically Underperforming,74,5.4,10.8,37.8,45.9
6105,Biology,All Students,25,4.0,8.0,36.0,52.0
6105,Biology,Historically Underperforming,17,0.0,0.0,47.1,52.9
6105,Literature,All Students,14,0.0,21.4,28.6,50.0
6105,Literature,Historically Underperforming,11,0.0,27.3,27.3,45.5
6672,Algebra I,All Students,3,,,,
6672,Algebra I,Historically Underperforming,3,,,,
6672,Biology,All Students,1,,,,
6672,Biology,Historically Underperforming,1,,,,
6672,Literature,All Students,2,,,,
6672,Literature,Historically Underperforming,2,,,,
5017,Algebra I,All Students,157,46.5,45.9,7.0,0.6
5017,Algebra I,Historically Underperforming,37,35.1,48.6,13.5,2.7
5017,Biology,All Students,206,26.7,45.1,20.4,7.8
5017,Biology,Historically Underperforming,61,16.4,32.8,32.8,18.0
5017,Literature,All Students,13,7.7,76.9,15.4,0.0
5017,Literature,Historically Underperforming,1,,,,
4951,Algebra I,All Students,267,34.1,44.9,17.2,3.7
4951,Algebra I,Historically Underperforming,68,10.3,32.4,44.1,13.2
4951,Biology,All Students,121,75.2,17.4,5.0,2.5
4951,Biology,Historically Underperforming,18,44.4,16.7,22.2,16.7
4951,Literature,All Students,2,,,,
4951,Literature,Historically Underperforming,2,,,,
0254,Algebra I,All Students,422,41.5,44.3,10.9,3.3
0254,Algebra I,Historically Underperforming,87,17.2,41.4,27.6,13.8
0254,Biology,All Students,11,27.3,36.4,18.2,18.2
0254,Biology,Historically Underperforming,7,,,,
0254,Literature,All Students,3,,,,
0254,Literature,Historically Underperforming,1,,,,
8305,Algebra I,All Students,679,42.0,39.5,15.0,3.5
8305,Algebra I,Historically Underperforming,111,16.2,28.8,36.0,18.9
8305,Biology,All Students,536,67.0,28.7,3.9,0.4
8305,Biology,Historically Underperforming,50,46.0,40.0,12.0,2.0
7101,Algebra I,All Students,298,30.5,40.6,24.2,4.7
7101,Algebra I,Historically Underperforming,86,15.1,27.9,44.2,12.8
7101,Biology,All Students,314,33.1,37.3,19.4,10.2
7101,Biology,Historically Underperforming,102,13.7,32.4,26.5,27.5
7101,Literature,All Students,5,,,,
7101,Literature,Historically Underperforming,4,,,,
0053,Algebra I,All Students,63,4.8,47.6,38.1,9.5
0053,Algebra I,Historically Underperforming,31,3.2,32.3,51.6,12.9
0053,Biology,All Students,7,,,,
0053,Biology,Historically Underperforming,5,,,,
0053,Literature,All Students,6,,,,
0053,Literature,Historically Underperforming,5,,,,
5274,Algebra I,All Students,1,,,,
8308,Algebra I,All Students,5,,,,
8308,Algebra I,Historically Underperforming,2,,,,
8308,Biology,All Students,1,,,,
8308,Biology,Historically Underperforming,1,,,,
0309,Algebra I,All Students,192,3.1,31.8,42.2,22.9
0309,Algebra I,Historically Underperforming,140,2.9,25.7,42.9,28.6
0309,Biology,All Students,141,16.3,32.6,11.3,39.7
0309,Biology,Historically Underperforming,102,10.8,25.5,14.7,49.0
0309,Literature,All Students,10,,,,
0309,Literature,Historically Underperforming,9,,,,
7821,Algebra I,All Students,42,16.7,16.7,38.1,28.6
7821,Algebra I,Historically Underperforming,23,4.3,21.7,47.8,26.1
7821,Biology,All Students,37,10.8,32.4,24.3,32.4
7821,Biology,Historically Underperforming,22,4.5,36.4,13.6,45.5
7821,Literature,All Students,14,0.0,28.6,35.7,35.7
7821,Literature,Historically Underperforming,9,,,,
0315,Algebra I,All Students,340,54.1,39.4,5.3,1.2
0315,Algebra I,Historically Underperforming,52,28.8,44.2,19.2,7.7
0315,Biology,All Students,321,38.3,51.4,9.0,1.2
0315,Biology,Historically Underperforming,43,23.3,55.8,14.0,7.0
0315,Literature,All Students,343,27.7,66.5,5.2,0.6
0315,Literature,Historically Underperforming,56,7.1,64.3,25.0,3.6
8203,Algebra I,All Students,67,1.5,3.0,40.3,55.2
8203,Algebra I,Historically Underperforming,59,1.7,3.4,39.0,55.9
8203,Biology,All Students,28,7.1,3.6,35.7,53.6
8203,Biology,Historically Underperforming,26,7.7,3.8,34.6,53.8
8203,Literature,All Students,3,,,,
8203,Literature,Historically Underperforming,3,,,,
0409,Algebra I,All Students,284,20.8,35.9,33.5,9.9
0409,Algebra I,Historically Underperforming,117,10.3,33.3,43.6,12.8
0409,Biology,All Students,291,19.6,29.6,32.6,18.2
0409,Biology,Historically Underperforming,125,8.0,23.2,41.6,27.2
0409,Literature,All Students,17,11.8,23.5,35.3,29.4
0409,Literature,Historically Underperforming,9,,,,
6915,Algebra I,All Students,153,6.5,27.5,37.3,28.8
6915,Algebra I,Historically Underperforming,107,4.7,20.6,39.3,35.5
6915,Biology,All Students,144,3.5,24.3,35.4,36.8
6915,Biology,Historically Underperforming,94,3.2,20.2,36.2,40.4
6915,Literature,All Students,10,,,,
6915,Literature,Historically Underperforming,9,,,,
8106,Algebra I,All Students,124,25.0,50.8,21.8,2.4
8106,Algebra I,Historically Underperforming,31,12.9,45.2,32.3,9.7
8106,Biology,All Students,122,21.3,49.2,24.6,4.9
8106,Biology,Historically Underperforming,30,10.0,26.7,53.3,10.0
0412,Algebra I,All Students,93,9.7,33.3,38.7,18.3
0412,Algebra I,Historically Underperforming,64,6.3,32.8,35.9,25.0
0412,Biology,All Students,44,0.0,40.9,40.9,18.2
0412,Biology,Historically Underperforming,27,0.0,44.4,33.3,22.2
0412,Literature,All Students,18,0.0,33.3,38.9,27.8
0412,Literature,Historically Underperforming,14,0.0,35.7,28.6,35.7
8110,Algebra I,All Students,23,0.0,4.3,56.5,39.1
8110,Algebra I,Historically Underperforming,21,0.0,4.8,57.1,38.1
8110,Biology,All Students,6,,,,
8110,Biology,Historically Underperforming,6,,,,
8110,Literature,All Students,1,,,,
8110,Literature,Historically Underperforming,1,,,,
8105,Algebra I,All Students,95,3.2,28.4,49.5,18.9
8105,Algebra I,Historically Underperforming,59,0.0,27.1,52.5,20.3
8105,Biology,All Students,110,13.6,31.8,32.7,21.8
8105,Biology,Historically Underperforming,60,3.3,26.7,40.0,30.0
8300,Algebra I,All Students,16,12.5,12.5,56.3,18.8
8300,Algebra I,Historically Underperforming,7,,,,
8300,Biology,All Students,8,,,,
8300,Biology,Historically Underperforming,3,,,,
0416,Algebra I,All Students,26,0.0,0.0,53.8,46.2
0416,Algebra I,Historically Underperforming,22,0.0,0.0,54.5,45.5
0416,Biology,All Students,10,,,,
0416,Biology,Historically Underperforming,8,,,,
8107,Algebra I,All Students,103,41.7,43.7,12.6,1.9
8107,Algebra I,Historically Underperforming,37,35.1,48.6,13.5,2.7
8107,Biology,All Students,96,57.3,33.3,7.3,2.1
8107,Biology,Historically Underperforming,32,53.1,31.3,12.5,3.1
8107,Literature,All Students,102,8.8,81.4,6.9,2.9
8107,Literature,Historically Underperforming,36,5.6,86.1,5.6,2.8
0435,Algebra I,All Students,245,31.4,40.8,23.3,4.5
0435,Algebra I,Historically Underperforming,59,16.9,37.3,30.5,15.3
0435,Biology,All Students,255,35.7,39.6,18.8,5.9
0435,Biology,Historically Underperforming,65,26.2,35.4,30.8,7.7
0435,Literature,All Students,2,,,,
0435,Literature,Historically Underperforming,1,,,,
8129,Algebra I,All Students,23,0.0,47.8,26.1,26.1
8129,Algebra I,Historically Underperforming,19,0.0,36.8,31.6,31.6
8129,Biology,All Students,5,,,,
8129,Biology,Historically Underperforming,5,,,,
8129,Literature,All Students,3,,,,
8129,Literature,Historically Underperforming,3,,,,
7772,Algebra I,All Students,11,9.1,36.4,27.3,27.3
7772,Algebra I,Historically Underperforming,10,,,,
7772,Biology,All Students,5,,,,
7772,Biology,Historically Underperforming,5,,,,
7772,Literature,All Students,3,,,,
7772,Literature,Historically Underperforming,3,,,,
7832,Algebra I,All Students,11,9.1,18.2,54.5,18.2
7832,Algebra I,Historically Underperforming,9,,,,
0448,Algebra I,All Students,160,31.3,41.9,22.5,4.4
0448,Algebra I,Historically Underperforming,44,6.8,40.9,36.4,15.9
0448,Biology,All Students,145,48.3,40.7,7.6,3.4
0448,Biology,Historically Underperforming,31,19.4,48.4,16.1,16.1
6928,Algebra I,All Students,45,35.6,37.8,17.8,8.9
6928,Algebra I,Historically Underperforming,13,7.7,46.2,30.8,15.4
6928,Biology,All Students,55,38.2,30.9,14.5,16.4
6928,Biology,Historically Underperforming,22,9.1,31.8,27.3,31.8
6928,Literature,All Students,1,,,,
0460,Algebra I,All Students,318,19.8,42.1,28.3,9.7
0460,Algebra I,Historically Underperforming,115,11.3,27.0,37.4,24.3
0460,Biology,All Students,147,53.7,41.5,2.7,2.0
0460,Biology,Historically Underperforming,28,39.3,42.9,7.1,10.7
0460,Literature,All Students,20,0.0,0.0,45.0,55.0
0460,Literature,Historically Underperforming,20,0.0,0.0,45.0,55.0
8459,Algebra I,All Students,97,4.1,33.0,48.5,14.4
8459,Algebra I,Historically Underperforming,48,6.3,16.7,50.0,27.1
8459,Biology,All Students,49,24.5,46.9,14.3,14.3
8459,Biology,Historically Underperforming,16,31.3,31.3,12.5,25.0
8459,Literature,All Students,8,,,,
8459,Literature,Historically Underperforming,7,,,,
0470,Algebra I,All Students,268,50.4,35.1,13.1,1.5
0470,Algebra I,Historically Underperforming,54,27.8,29.6,35.2,7.4
0470,Biology,All Students,266,43.6,44.7,9.0,2.6
0470,Biology,Historically Underperforming,55,18.2,43.6,27.3,10.9
0470,Literature,All Students,1,,,,
0467,Algebra I,All Students,129,51.2,26.4,20.2,2.3
0467,Algebra I,Historically Underperforming,30,40.0,16.7,33.3,10.0
0467,Biology,All Students,39,87.2,10.3,0.0,2.6
0467,Biology,Historically Underperforming,6,,,,
0467,Literature,All Students,5,,,,
0467,Literature,Historically Underperforming,3,,,,
7648,Algebra I,All Students,1,,,,
7648,Algebra I,Historically Underperforming,1,,,,
7648,Biology,All Students,1,,,,
7648,Biology,Historically Underperforming,1,,,,
6113,Algebra I,All Students,2,,,,
6113,Algebra I,Historically Underperforming,1,,,,
6113,Biology,All Students,2,,,,
6113,Biology,Historically Underperforming,1,,,,
0196,Algebra I,All Students,64,14.1,42.2,25.0,18.8
0196,Algebra I,Historically Underperforming,45,13.3,40.0,22.2,24.4
0196,Biology,All Students,40,17.5,50.0,17.5,15.0
0196,Biology,Historically Underperforming,28,21.4,42.9,17.9,17.9
0196,Literature,All Students,3,,,,
0196,Literature,Historically Underperforming,2,,,,
0477,Algebra I,All Students,22,0.0,18.2,68.2,13.6
0477,Algebra I,Historically Underperforming,18,0.0,22.2,66.7,11.1
0477,Biology,All Students,2,,,,
0477,Biology,Historically Underperforming,2,,,,
7846,Algebra I,All Students,22,0.0,0.0,18.2,81.8
7846,Algebra I,Historically Underperforming,15,0.0,0.0,6.7,93.3
7846,Biology,All Students,19,0.0,0.0,5.3,94.7
7846,Biology,Historically Underperforming,15,0.0,0.0,0.0,100.0
7846,Literature,All Students,24,0.0,0.0,16.7,83.3
7846,Literature,Historically Underperforming,18,0.0,0.0,11.1,88.9
0492,Algebra I,All Students,297,56.6,34.3,8.4,0.7
0492,Algebra I,Historically Underperforming,47,21.3,38.3,38.3,2.1
0492,Biology,All Students,303,64.0,27.1,5.6,3.3
0492,Biology,Historically Underperforming,54,22.2,40.7,20.4,16.7
0492,Literature,All Students,1,,,,
0492,Literature,Historically Underperforming,1,,,,
7562,Algebra I,All Students,33,0.0,12.1,51.5,36.4
7562,Algebra I,Historically Underperforming,27,0.0,7.4,51.9,40.7
0509,Algebra I,All Students,250,44.4,31.6,19.2,4.8
0509,Algebra I,Historically Underperforming,70,15.7,28.6,41.4,14.3
0509,Biology,All Students,243,34.2,47.7,12.8,5.3
0509,Biology,Historically Underperforming,65,13.8,33.8,33.8,18.5
0509,Literature,All Students,4,,,,
0509,Literature,Historically Underperforming,3,,,,
0523,Algebra I,All Students,210,38.6,41.4,17.1,2.9
0523,Algebra I,Historically Underperforming,32,15.6,40.6,37.5,6.3
0523,Biology,All Students,215,34.9,45.1,16.3,3.7
0523,Biology,Historically Underperforming,41,9.8,31.7,43.9,14.6
0536,Algebra I,All Students,136,11.0,43.4,30.1,15.4
0536,Algebra I,Historically Underperforming,67,9.0,32.8,34.3,23.9
0536,Biology,All Students,171,18.1,34.5,24.6,22.8
0536,Biology,Historically Underperforming,96,12.5,25.0,32.3,30.2
0536,Literature,All Students,4,,,,
0536,Literature,Historically Underperforming,4,,,,
8392,Algebra I,All Students,31,6.5,32.3,58.1,3.2
8392,Algebra I,Historically Underperforming,18,11.1,27.8,55.6,5.6
8392,Biology,All Students,28,28.6,25.0,25.0,21.4
8392,Biology,Historically Underperforming,19,21.1,26.3,26.3,26.3
8392,Literature,All Students,5,,,,
8392,Literature,Historically Underperforming,1,,,,
0107,Algebra I,All Students,127,6.3,30.7,41.7,21.3
0107,Algebra I,Historically Underperforming,63,7.9,17.5,44.4,30.2
0107,Biology,All Students,160,18.1,28.1,31.3,22.5
0107,Biology,Historically Underperforming,84,13.1,20.2,38.1,28.6
0107,Literature,All Students,15,0.0,26.7,26.7,46.7
0107,Literature,Historically Underperforming,10,,,,
2320,Algebra I,All Students,58,20.7,43.1,32.8,3.4
2320,Algebra I,Historically Underperforming,28,17.9,32.1,42.9,7.1
2320,Biology,All Students,60,28.3,56.7,11.7,3.3
2320,Biology,Historically Underperforming,30,26.7,46.7,20.0,6.7
2320,Literature,All Students,3,,,,
2320,Literature,Historically Underperforming,3,,,,
8342,Algebra I,All Students,106,20.8,61.3,14.2,3.8
8342,Algebra I,Historically Underperforming,31,12.9,51.6,25.8,9.7
8342,Biology,All Students,46,80.4,2.2,6.5,10.9
8342,Biology,Historically Underperforming,12,41.7,0.0,25.0,33.3
8342,Literature,All Students,3,,,,
8342,Literature,Historically Underperforming,2,,,,
7640,Algebra I,All Students,43,20.9,65.1,14.0,0.0
7640,Algebra I,Historically Underperforming,11,27.3,54.5,18.2,0.0
7640,Biology,All Students,13,100.0,0.0,0.0,0.0
7640,Biology,Historically Underperforming,3,,,,
0594,Algebra I,All Students,122,37.7,42.6,18.9,0.8
0594,Algebra I,Historically Underperforming,30,13.3,50.0,33.3,3.3
0594,Biology,All Students,2,,,,
0594,Biology,Historically Underperforming,1,,,,
7923,Algebra I,All Students,41,2.4,61.0,24.4,12.2
7923,Algebra I,Historically Underperforming,19,5.3,36.8,31.6,26.3
7923,Biology,All Students,42,23.8,47.6,26.2,2.4
7923,Biology,Historically Underperforming,20,15.0,35.0,45.0,5.0
4807,Algebra I,All Students,100,5.0,49.0,29.0,17.0
4807,Algebra I,Historically Underperforming,53,3.8,32.1,37.7,26.4
4807,Biology,All Students,49,14.3,32.7,24.5,28.6
4807,Biology,Historically Underperforming,36,11.1,27.8,33.3,27.8
4807,Literature,All Students,16,0.0,0.0,43.8,56.3
4807,Literature,Historically Underperforming,15,0.0,0.0,40.0,60.0
8086,Algebra I,All Students,21,0.0,19.0,52.4,28.6
8086,Algebra I,Historically Underperforming,21,0.0,19.0,52.4,28.6
8086,Biology,All Students,54,0.0,3.7,38.9,57.4
8086,Biology,Historically Underperforming,54,0.0,3.7,38.9,57.4
8086,Literature,All Students,3,,,,
8086,Literature,Historically Underperforming,3,,,,
6555,Algebra I,All Students,122,10.7,30.3,44.3,14.8
6555,Algebra I,Historically Underperforming,67,4.5,26.9,47.8,20.9
6555,Biology,All Students,113,10.6,34.5,36.3,18.6
6555,Biology,Historically Underperforming,59,8.5,28.8,33.9,28.8
6555,Literature,All Students,3,,,,
6555,Literature,Historically Underperforming,2,,,,
0640,Algebra I,All Students,173,26.6,46.8,22.5,4.0
0640,Algebra I,Historically Underperforming,46,21.7,23.9,43.5,10.9
0640,Biology,All Students,168,43.5,32.1,17.3,7.1
0640,Biology,Historically Underperforming,45,20.0,33.3,26.7,20.0
0640,Literature,All Students,1,,,,
0640,Literature,Historically Underperforming,1,,,,
6985,Algebra I,All Students,1,,,,
6985,Algebra I,Historically Underperforming,1,,,,
6985,Biology,All Students,1,,,,
6985,Biology,Historically Underperforming,1,,,,
6985,Literature,All Students,1,,,,
6985,Literature,Historically Underperforming,1,,,,
0649,Algebra I,All Students,96,7.3,27.1,45.8,19.8
0649,Algebra I,Historically Underperforming,75,5.3,22.7,48.0,24.0
0649,Biology,All Students,57,8.8,50.9,24.6,15.8
0649,Biology,Historically Underperforming,41,9.8,43.9,29.3,17.1
0649,Literature,All Students,2,,,,
0649,Literature,Historically Underperforming,2,,,,
6707,Algebra I,All Students,124,31.5,50.8,16.9,0.8
6707,Algebra I,Historically Underperforming,18,11.1,61.1,27.8,0.0
6707,Biology,All Students,160,35.0,41.9,15.6,7.5
6707,Biology,Historically Underperforming,38,23.7,31.6,26.3,18.4
6707,Literature,All Students,2,,,,
8044,Algebra I,All Students,135,52.6,33.3,12.6,1.5
8044,Algebra I,Historically Underperforming,26,23.1,34.6,34.6,7.7
8044,Biology,All Students,154,39.6,42.9,10.4,7.1
8044,Biology,Historically Underperforming,44,11.4,38.6,25.0,25.0
6563,Algebra I,All Students,82,7.3,30.5,41.5,20.7
6563,Algebra I,Historically Underperforming,32,3.1,18.8,37.5,40.6
6563,Biology,All Students,45,17.8,53.3,17.8,11.1
6563,Biology,Historically Underperforming,11,18.2,45.5,9.1,27.3
6563,Literature,All Students,6,,,,
6563,Literature,Historically Underperforming,5,,,,
0675,Algebra I,All Students,112,10.7,54.5,31.3,3.6
0675,Algebra I,Historically Underperforming,30,13.3,50.0,33.3,3.3
0675,Biology,All Students,136,10.3,46.3,40.4,2.9
0675,Biology,Historically Underperforming,45,8.9,40.0,42.2,8.9
0675,Literature,All Students,2,,,,
0675,Literature,Historically Underperforming,1,,,,
7859,Algebra I,All Students,145,27.6,29.0,34.5,9.0
7859,Algebra I,Historically Underperforming,30,10.0,23.3,46.7,20.0
7859,Biology,All Students,93,32.3,39.8,23.7,4.3
7859,Biology,Historically Underperforming,14,21.4,35.7,21.4,21.4
7859,Literature,All Students,1,,,,
0695,Algebra I,All Students,76,10.5,39.5,43.4,6.6
0695,Algebra I,Historically Underperforming,44,6.8,31.8,54.5,6.8
0695,Biology,All Students,54,29.6,51.9,16.7,1.9
0695,Biology,Historically Underperforming,28,17.9,57.1,21.4,3.6
0695,Literature,All Students,1,,,,
0695,Literature,Historically Underperforming,1,,,,
7650,Algebra I,All Students,665,12.5,26.2,42.0,19.4
7650,Algebra I,Historically Underperforming,232,9.9,21.1,37.9,31.0
7650,Biology,All Students,608,12.7,27.0,30.6,29.8
7650,Biology,Historically Underperforming,221,7.2,21.3,29.0,42.5
7650,Literature,All Students,198,3.0,32.3,42.9,21.7
7650,Literature,Historically Underperforming,70,1.4,28.6,37.1,32.9
0700,Algebra I,All Students,99,24.2,27.3,39.4,9.1
0700,Algebra I,Historically Underperforming,38,5.3,15.8,60.5,18.4
0700,Biology,All Students,5,,,,
0700,Biology,Historically Underperforming,2,,,,
0700,Literature,All Students,1,,,,
0700,Literature,Historically Underperforming,1,,,,
8000,Algebra I,All Students,41,0.0,31.7,46.3,22.0
8000,Algebra I,Historically Underperforming,30,0.0,20.0,53.3,26.7
8000,Biology,All Students,43,9.3,30.2,41.9,18.6
8000,Biology,Historically Underperforming,32,6.3,21.9,46.9,25.0
8000,Literature,All Students,2,,,,
8000,Literature,Historically Underperforming,2,,,,
0714,Algebra I,All Students,73,19.2,28.8,47.9,4.1
0714,Algebra I,Historically Underperforming,25,4.0,24.0,64.0,8.0
0714,Biology,All Students,56,25.0,42.9,14.3,17.9
0714,Biology,Historically Underperforming,19,10.5,26.3,15.8,47.4
0714,Literature,All Students,19,0.0,10.5,68.4,21.1
0714,Literature,Historically Underperforming,9,,,,
0719,Algebra I,All Students,37,40.5,40.5,18.9,0.0
0719,Algebra I,Historically Underperforming,12,25.0,25.0,50.0,0.0
0719,Biology,All Students,36,36.1,55.6,8.3,0.0
0719,Biology,Historically Underperforming,10,,,,
0719,Literature,All Students,3,,,,
0719,Literature,Historically Underperforming,1,,,,
0726,Algebra I,All Students,125,27.2,41.6,23.2,8.0
0726,Algebra I,Historically Underperforming,55,12.7,41.8,30.9,14.5
0726,Biology,All Students,3,,,,
0726,Biology,Historically Underperforming,2,,,,
0726,Literature,All Students,2,,,,
0726,Literature,Historically Underperforming,2,,,,
7096,Algebra I,All Students,1,,,,
0732,Algebra I,All Students,70,25.7,55.7,18.6,0.0
0732,Algebra I,Historically Underperforming,28,3.6,71.4,25.0,0.0
0732,Biology,All Students,17,58.8,17.6,11.8,11.8
0732,Biology,Historically Underperforming,7,,,,
0732,Literature,All Students,9,,,,
0732,Literature,Historically Underperforming,2,,,,
7897,Algebra I,All Students,80,18.8,57.5,18.8,5.0
7897,Algebra I,Historically Underperforming,44,22.7,52.3,15.9,9.1
7897,Biology,All Students,4,,,,
7897,Biology,Historically Underperforming,2,,,,
7897,Literature,All Students,3,,,,
7897,Literature,Historically Underperforming,1,,,,
8154,Algebra I,All Students,12,0.0,41.7,41.7,16.7
8154,Algebra I,Historically Underperforming,12,0.0,41.7,41.7,16.7
8436,Algebra I,All Students,50,24.0,68.0,8.0,0.0
8436,Algebra I,Historically Underperforming,10,,,,
8436,Biology,All Students,32,53.1,46.9,0.0,0.0
8436,Biology,Historically Underperforming,6,,,,
0753,Algebra I,All Students,46,23.9,39.1,30.4,6.5
0753,Algebra I,Historically Underperforming,26,15.4,38.5,34.6,11.5
0753,Biology,All Students,25,24.0,44.0,16.0,16.0
0753,Biology,Historically Underperforming,13,30.8,15.4,23.1,30.8
0753,Literature,All Students,3,,,,
0753,Literature,Historically Underperforming,3,,,,
0820,Algebra I,All Students,64,15.6,17.2,45.3,21.9
0820,Algebra I,Historically Underperforming,21,4.8,4.8,38.1,52.4
0820,Biology,All Students,65,13.8,32.3,38.5,15.4
0820,Biology,Historically Underperforming,25,0.0,12.0,60.0,28.0
0820,Literature,All Students,3,,,,
0820,Literature,Historically Underperforming,1,,,,
6304,Algebra I,All Students,2,,,,
6304,Algebra I,Historically Underperforming,1,,,,
6304,Biology,All Students,1,,,,
6304,Literature,All Students,1,,,,
7068,Algebra I,All Students,1,,,,
7068,Algebra I,Historically Underperforming,1,,,,
6306,Algebra I,All Students,469,35.6,38.2,22.8,3.4
6306,Algebra I,Historically Underperforming,151,17.9,34.4,38.4,9.3
6306,Biology,All Students,463,39.5,39.3,17.7,3.5
6306,Biology,Historically Underperforming,153,20.3,41.8,28.1,9.8
6306,Literature,All Students,11,9.1,27.3,27.3,36.4
6306,Literature,Historically Underperforming,9,,,,
6308,Algebra I,All Students,97,14.4,28.9,38.1,18.6
6308,Algebra I,Historically Underperforming,30,3.3,16.7,50.0,30.0
6308,Biology,All Students,6,,,,
6308,Biology,Historically Underperforming,2,,,,
6308,Literature,All Students,12,0.0,0.0,25.0,75.0
6308,Literature,Historically Underperforming,12,0.0,0.0,25.0,75.0
0777,Algebra I,All Students,144,20.8,36.8,22.9,19.4
0777,Algebra I,Historically Underperforming,46,10.9,21.7,17.4,50.0
0777,Biology,All Students,37,37.8,21.6,13.5,27.0
0777,Biology,Historically Underperforming,16,6.3,12.5,18.8,62.5
0777,Literature,All Students,13,0.0,23.1,23.1,53.8
0777,Literature,Historically Underperforming,12,0.0,16.7,25.0,58.3
4810,Algebra I,All Students,229,27.1,41.5,27.9,3.5
4810,Algebra I,Historically Underperforming,63,14.3,30.2,46.0,9.5
4810,Biology,All Students,238,24.8,41.6,21.4,12.2
4810,Biology,Historically Underperforming,71,9.9,31.0,31.0,28.2
4810,Literature,All Students,2,,,,
4810,Literature,Historically Underperforming,1,,,,
0788,Algebra I,All Students,281,39.5,34.5,22.1,3.9
0788,Algebra I,Historically Underperforming,82,20.7,31.7,35.4,12.2
0788,Biology,All Students,15,0.0,33.3,46.7,20.0
0788,Biology,Historically Underperforming,8,,,,
0788,Literature,All Students,9,,,,
0788,Literature,Historically Underperforming,7,,,,
5023,Algebra I,All Students,184,44.6,29.3,18.5,7.6
5023,Algebra I,Historically Underperforming,59,16.9,23.7,39.0,20.3
5023,Biology,All Students,7,,,,
5023,Biology,Historically Underperforming,6,,,,
5023,Literature,All Students,1,,,,
5023,Literature,Historically Underperforming,1,,,,
0802,Algebra I,All Students,289,13.5,37.4,35.6,13.5
0802,Algebra I,Historically Underperforming,108,7.4,22.2,38.9,31.5
0802,Biology,All Students,110,30.0,44.5,18.2,7.3
0802,Biology,Historically Underperforming,31,22.6,29.0,25.8,22.6
0802,Literature,All Students,3,,,,
0802,Literature,Historically Underperforming,3,,,,
0808,Algebra I,All Students,121,14.9,46.3,26.4,12.4
0808,Algebra I,Historically Underperforming,47,8.5,29.8,31.9,29.8
0808,Biology,All Students,54,50.0,24.1,5.6,20.4
0808,Biology,Historically Underperforming,20,15.0,25.0,10.0,50.0
0808,Literature,All Students,16,0.0,0.0,31.3,68.8
0808,Literature,Historically Underperforming,16,0.0,0.0,31.3,68.8
0816,Algebra I,All Students,104,37.5,44.2,16.3,1.9
0816,Algebra I,Historically Underperforming,33,33.3,24.2,39.4,3.0
0816,Biology,All Students,3,,,,
0816,Biology,Historically Underperforming,2,,,,
0816,Literature,All Students,2,,,,
0816,Literature,Historically Underperforming,2,,,,
6610,Algebra I,All Students,309,12.6,29.4,39.2,18.8
6610,Algebra I,Historically Underperforming,194,7.2,24.2,43.3,25.3
6610,Biology,All Students,310,14.5,36.1,28.4,21.0
6610,Biology,Historically Underperforming,202,11.4,26.7,33.2,28.7
6318,Algebra I,All Students,92,31.5,40.2,27.2,1.1
6318,Algebra I,Historically Underperforming,22,13.6,40.9,40.9,4.5
6318,Biology,All Students,30,56.7,36.7,3.3,3.3
6318,Biology,Historically Underperforming,3,,,,
6318,Literature,All Students,8,,,,
6318,Literature,Historically Underperforming,7,,,,
5275,Algebra I,All Students,5,,,,
5275,Algebra I,Historically Underperforming,5,,,,
5275,Biology,All Students,4,,,,
5275,Biology,Historically Underperforming,4,,,,
8116,Algebra I,All Students,686,3.9,18.5,33.2,44.3
8116,Algebra I,Historically Underperforming,645,3.4,17.2,33.3,46.0
8116,Biology,All Students,238,3.4,37.4,27.3,31.9
8116,Biology,Historically Underperforming,218,3.2,33.9,28.4,34.4
8116,Literature,All Students,73,0.0,8.2,39.7,52.1
8116,Literature,Historically Underperforming,73,0.0,8.2,39.7,52.1
0864,Algebra I,All Students,161,25.5,41.6,27.3,5.6
0864,Algebra I,Historically Underperforming,59,13.6,32.2,42.4,11.9
0864,Biology,All Students,31,48.4,41.9,9.7,0.0
0864,Biology,Historically Underperforming,5,,,,
0864,Literature,All Students,1,,,,
0864,Literature,Historically Underperforming,1,,,,
4670,Algebra I,All Students,83,27.7,33.7,27.7,10.8
4670,Algebra I,Historically Underperforming,32,15.6,25.0,34.4,25.0
4670,Biology,All Students,80,25.0,42.5,25.0,7.5
4670,Biology,Historically Underperforming,29,10.3,44.8,24.1,20.7
0873,Algebra I,All Students,219,46.6,26.5,20.5,6.4
0873,Algebra I,Historically Underperforming,64,25.0,26.6,29.7,18.8
0873,Biology,All Students,200,19.5,40.0,28.5,12.0
0873,Biology,Historically Underperforming,56,12.5,26.8,32.1,28.6
0873,Literature,All Students,7,,,,
0873,Literature,Historically Underperforming,4,,,,
6980,Algebra I,All Students,416,23.1,39.2,29.6,8.2
6980,Algebra I,Historically Underperforming,165,10.3,27.3,44.2,18.2
6980,Biology,All Students,390,26.2,31.5,27.9,14.4
6980,Biology,Historically Underperforming,142,14.8,19.0,35.9,30.3
6980,Literature,All Students,25,8.0,12.0,28.0,52.0
6980,Literature,Historically Underperforming,21,4.8,4.8,28.6,61.9
0887,Algebra I,All Students,116,25.9,44.8,22.4,6.9
0887,Algebra I,Historically Underperforming,47,4.3,42.6,40.4,12.8
0887,Biology,All Students,65,63.1,30.8,3.1,3.1
0887,Biology,Historically Underperforming,13,38.5,38.5,7.7,15.4
0887,Literature,All Students,2,,,,
0887,Literature,Historically Underperforming,2,,,,
0913,Algebra I,All Students,456,15.6,41.2,30.9,12.3
0913,Algebra I,Historically Underperforming,250,7.6,34.4,36.4,21.6
0913,Biology,All Students,284,31.0,40.5,21.1,7.4
0913,Biology,Historically Underperforming,115,21.7,36.5,26.1,15.7
0913,Literature,All Students,25,4.0,24.0,44.0,28.0
0913,Literature,Historically Underperforming,19,5.3,21.1,47.4,26.3
0917,Algebra I,All Students,56,51.8,32.1,14.3,1.8
0917,Algebra I,Historically Underperforming,18,55.6,16.7,27.8,0.0
7720,Algebra I,All Students,10,,,,
7720,Algebra I,Historically Underperforming,8,,,,
7720,Biology,All Students,8,,,,
7720,Biology,Historically Underperforming,7,,,,
7720,Literature,All Students,2,,,,
7720,Literature,Historically Underperforming,2,,,,
0921,Algebra I,All Students,43,18.6,67.4,14.0,0.0
0921,Algebra I,Historically Underperforming,16,18.8,62.5,18.8,0.0
0921,Biology,All Students,36,2.8,58.3,36.1,2.8
0921,Biology,Historically Underperforming,12,0.0,58.3,33.3,8.3
0921,Literature,All Students,1,,,,
5207,Algebra I,All Students,253,30.8,37.9,22.5,8.7
5207,Algebra I,Historically Underperforming,95,16.8,27.4,35.8,20.0
5207,Biology,All Students,158,27.8,38.0,16.5,17.7
5207,Biology,Historically Underperforming,60,13.3,20.0,25.0,41.7
5207,Literature,All Students,1,,,,
0941,Algebra I,All Students,136,22.8,32.4,37.5,7.4
0941,Algebra I,Historically Underperforming,48,22.9,22.9,39.6,14.6
0941,Biology,All Students,28,67.9,28.6,3.6,0.0
0941,Biology,Historically Underperforming,5,,,,
0949,Algebra I,All Students,92,38.0,45.7,10.9,5.4
0949,Algebra I,Historically Underperforming,33,27.3,42.4,18.2,12.1
0949,Biology,All Students,3,,,,
0949,Biology,Historically Underperforming,2,,,,
0949,Literature,All Students,2,,,,
0949,Literature,Historically Underperforming,1,,,,
0951,Algebra I,All Students,30,3.3,26.7,56.7,13.3
0951,Algebra I,Historically Underperforming,17,0.0,41.2,41.2,17.6
0951,Biology,All Students,32,3.1,37.5,46.9,12.5
0951,Biology,Historically Underperforming,19,0.0,42.1,42.1,15.8
0951,Literature,All Students,1,,,,
0958,Algebra I,All Students,104,42.3,26.9,25.0,5.8
0958,Algebra I,Historically Underperforming,31,16.1,29.0,38.7,16.1
0958,Biology,All Students,54,55.6,33.3,3.7,7.4
0958,Biology,Historically Underperforming,12,16.7,50.0,0.0,33.3
0958,Literature,All Students,1,,,,
0958,Literature,Historically Underperforming,1,,,,
0988,Algebra I,All Students,42,7.1,42.9,33.3,16.7
0988,Algebra I,Historically Underperforming,4,,,,
0988,Biology,All Students,1,,,,
0988,Biology,Historically Underperforming,1,,,,
0988,Literature,All Students,1,,,,
0964,Algebra I,All Students,41,36.6,31.7,31.7,0.0
0964,Algebra I,Historically Underperforming,15,33.3,26.7,40.0,0.0
0964,Biology,All Students,13,84.6,15.4,0.0,0.0
0964,Biology,Historically Underperforming,3,,,,
0964,Literature,All Students,1,,,,
6908,Algebra I,All Students,2,,,,
6908,Algebra I,Historically Underperforming,1,,,,
6908,Biology,All Students,2,,,,
6908,Biology,Historically Underperforming,1,,,,
6908,Literature,All Students,1,,,,
0965,Algebra I,All Students,56,16.1,32.1,37.5,14.3
0965,Algebra I,Historically Underperforming,24,4.2,33.3,33.3,29.2
0965,Biology,All Students,19,68.4,21.1,5.3,5.3
0965,Biology,Historically Underperforming,8,,,,
0965,Literature,All Students,4,,,,
0965,Literature,Historically Underperforming,2,,,,
5208,Algebra I,All Students,61,16.4,55.7,18.0,9.8
5208,Algebra I,Historically Underperforming,37,5.4,59.5,18.9,16.2
5208,Biology,All Students,26,34.6,42.3,15.4,7.7
5208,Biology,Historically Underperforming,13,23.1,30.8,30.8,15.4
5208,Literature,All Students,3,,,,
5208,Literature,Historically Underperforming,3,,,,
1000,Algebra I,All Students,85,20.0,42.4,29.4,8.2
1000,Algebra I,Historically Underperforming,36,8.3,33.3,41.7,16.7
1000,Biology,All Students,81,33.3,32.1,27.2,7.4
1000,Biology,Historically Underperforming,35,25.7,28.6,28.6,17.1
1000,Literature,All Students,54,13.0,64.8,16.7,5.6
1000,Literature,Historically Underperforming,23,4.3,65.2,21.7,8.7
1005,Algebra I,All Students,43,27.9,30.2,14.0,27.9
1005,Algebra I,Historically Underperforming,13,15.4,0.0,15.4,69.2
1005,Biology,All Students,31,61.3,25.8,6.5,6.5
1005,Biology,Historically Underperforming,6,,,,
1005,Literature,All Students,3,,,,
1005,Literature,Historically Underperforming,2,,,,
5116,Algebra I,All Students,300,25.7,38.0,25.7,10.7
5116,Algebra I,Historically Underperforming,139,25.9,28.1,23.7,22.3
5116,Biology,All Students,375,22.9,40.5,24.5,12.0
5116,Biology,Historically Underperforming,191,19.9,34.6,26.2,19.4
5116,Literature,All Students,15,13.3,6.7,20.0,60.0
5116,Literature,Historically Underperforming,12,8.3,8.3,25.0,58.3
1014,Algebra I,All Students,51,27.5,31.4,27.5,13.7
1014,Algebra I,Historically Underperforming,28,17.9,21.4,35.7,25.0
1014,Biology,All Students,10,,,,
1014,Biology,Historically Underperforming,9,,,,
1014,Literature,All Students,7,,,,
1014,Literature,Historically Underperforming,7,,,,
1029,Algebra I,All Students,178,11.8,42.1,30.3,15.7
1029,Algebra I,Historically Underperforming,83,10.8,41.0,26.5,21.7
1029,Biology,All Students,75,29.3,37.3,14.7,18.7
1029,Biology,Historically Underperforming,41,14.6,39.0,17.1,29.3
1029,Literature,All Students,20,0.0,20.0,30.0,50.0
1029,Literature,Historically Underperforming,17,0.0,17.6,29.4,52.9
1030,Algebra I,All Students,215,10.2,27.4,56.7,5.6
1030,Algebra I,Historically Underperforming,111,7.2,20.7,64.0,8.1
1030,Biology,All Students,3,,,,
1030,Biology,Historically Underperforming,1,,,,
1040,Algebra I,All Students,414,16.7,25.6,39.4,18.4
1040,Algebra I,Historically Underperforming,183,8.2,13.1,44.3,34.4
1040,Biology,All Students,407,22.6,41.0,24.6,11.8
1040,Biology,Historically Underperforming,172,13.4,30.8,30.8,25.0
1040,Literature,All Students,1,,,,
1040,Literature,Historically Underperforming,1,,,,
7726,Algebra I,All Students,8,,,,
7726,Algebra I,Historically Underperforming,8,,,,
7726,Biology,All Students,3,,,,
7726,Biology,Historically Underperforming,3,,,,
7726,Literature,All Students,1,,,,
7726,Literature,Historically Underperforming,1,,,,
5133,Algebra I,All Students,402,65.2,28.4,5.7,0.7
5133,Algebra I,Historically Underperforming,45,46.7,26.7,20.0,6.7
5133,Biology,All Students,9,,,,
5133,Literature,All Students,1,,,,
5133,Literature,Historically Underperforming,1,,,,
7790,Algebra I,All Students,453,53.0,38.6,7.7,0.7
7790,Algebra I,Historically Underperforming,56,21.4,57.1,17.9,3.6
7790,Biology,All Students,14,71.4,14.3,7.1,7.1
7790,Biology,Historically Underperforming,1,,,,
7790,Literature,All Students,4,,,,
7790,Literature,Historically Underperforming,2,,,,
